rosbagTimestamp,linear,x,y,z,angular,x,y,z
1680270117561442215,,0.0,0.0,0.0,,-0.03191829100251198,-0.017766572535038005,-0.0806504562497139
1680270117575418899,,0.0,0.0,0.0,,-0.031532514840364456,-0.018960341811180125,-0.08126509934663773
1680270117595053738,,0.0,0.0,0.0,,-0.030227109789848328,-0.022228175774216662,-0.08029460161924362
1680270117613240948,,0.0,0.0,0.0,,-0.029233666136860847,-0.02395617589354516,-0.07994100451469421
1680270117627521521,,0.0,0.0,0.0,,-0.0277936402708292,-0.024671612307429324,-0.08044279366731644
1680270117643354839,,0.0,0.0,0.0,,-0.026087302714586258,-0.026194175705313693,-0.08068143576383591
1680270117660130829,,0.0,0.0,0.0,,-0.02446627989411354,-0.026469629257917415,-0.0809946283698082
1680270117675520306,,0.0,0.0,0.0,,-0.02269567735493183,-0.025730671361088763,-0.08186119049787521
1680270117693317367,,0.0,0.0,0.0,,-0.02203793078660965,-0.026238366961479197,-0.08252067118883133
1680270117712704492,,0.0,0.0,0.0,,-0.02090742066502571,-0.02413615956902505,-0.08371207118034363
1680270117726430497,,0.0,0.0,0.0,,-0.01880832016468048,-0.023435795679688464,-0.08451639115810394
1680270117742075042,,0.0,0.0,0.0,,-0.016671201214194298,-0.02253088727593423,-0.08423192799091339
1680270117757065362,,0.0,0.0,0.0,,-0.01564641296863556,-0.022114727646112452,-0.08417229354381561
1680270117772161631,,0.0,0.0,0.0,,-0.014042247086763382,-0.021688688546419154,-0.0843546912074089
1680270117786247389,,0.0,0.0,0.0,,-0.011129206046462059,-0.02128230780363084,-0.08514184504747391
1680270117806692994,,0.0,0.0,0.0,,-0.009028810076415539,-0.02111187018454076,-0.08464796096086502
1680270117822349992,,0.0,0.0,0.0,,-0.00635883491486311,-0.02034253627061845,-0.08384262770414352
1680270117835955261,,0.0,0.0,0.0,,-0.005723186768591404,-0.0204360205680132,-0.08243260532617569
1680270117855055349,,0.0,0.0,0.0,,-0.004882622975856066,-0.019616525620222102,-0.08020748943090439
1680270117872399483,,0.0,0.0,0.0,,-0.0033261727076023817,-0.018296578899025927,-0.07825774699449539
1680270117885510147,,0.0,0.0,0.0,,-0.0031813906971365213,-0.018525853753089915,-0.07660623639822006
1680270117905759746,,0.0,0.0,0.0,,-0.0017484676791355014,-0.016301929950714122,-0.07513368129730225
1680270117923554422,,0.0,0.0,0.0,,-0.0013465704396367073,-0.014611457474529752,-0.07377074658870697
1680270117941102817,,0.0,0.0,0.0,,-0.0005116381216794252,-0.01485981885343791,-0.07231579720973969
1680270117956328428,,0.0,0.0,0.0,,0.0006053934339433908,-0.01374166365712882,-0.0706096738576889
1680270117972415390,,0.0,0.0,0.0,,0.0023533052299171686,-0.012767570093274125,-0.06950017809867859
1680270117985963112,,0.0,0.0,0.0,,0.002469971077516675,-0.012240562587976464,-0.06861189752817154
1680270118004177132,,0.0,0.0,0.0,,0.0035470130387693644,-0.01138165872544051,-0.06732527911663055
1680270118022245010,,0.0,0.0,0.0,,0.0046700369566679,-0.010628279298543939,-0.0657045990228653
1680270118035888180,,0.0,0.0,0.0,,0.006732677109539509,-0.01046860311180354,-0.06374375522136688
1680270118056210755,,0.0,0.0,0.0,,0.007626790553331375,-0.008965535089373596,-0.060969382524490356
1680270118070668649,,0.0,0.0,0.0,,0.008154365234076977,-0.00894738361239434,-0.06013564392924309
1680270118087478323,,0.0,0.0,0.0,,0.009868986904621124,-0.008734661154448993,-0.057860154658555984
1680270118104203639,,0.0,0.0,0.0,,0.010465946048498154,-0.008674606680870063,-0.05542213097214699
1680270118118837964,,0.0,0.0,0.0,,0.01170746237039566,-0.008964367210865028,-0.05436314269900322
1680270118135274078,,0.0,0.0,0.0,,0.01408558152616024,-0.009359933435916908,-0.05387508124113083
1680270118149644259,,0.0,0.0,0.0,,0.014257969334721565,-0.009927012026309974,-0.05233427882194519
1680270118164458460,,0.0,0.0,0.0,,0.01536101009696722,-0.008767134509980685,-0.051573388278484344
1680270118181749534,,0.0,0.0,0.0,,0.01574466936290264,-0.008222260512411601,-0.050219036638736725
1680270118202733777,,0.0,0.0,0.0,,0.015469678677618504,-0.008120547980070121,-0.04973673075437546
1680270118215784238,,0.0,0.0,0.0,,0.01617690734565258,-0.00752832647413016,-0.04859146848320961
1680270118232617426,,0.0,0.0,0.0,,0.015708215534687042,-0.007474994286894804,-0.04796958714723587
1680270118246013174,,0.0,0.0,0.0,,0.016743818297982216,-0.008619466796517377,-0.04751790314912796
1680270118263992415,,0.0,0.0,0.0,,0.01754499413073063,-0.008509246632456785,-0.04791304096579552
1680270118279322862,,0.0,0.0,0.0,,0.017754027619957924,-0.009040251374244695,-0.047756146639585495
1680270118295164224,,0.0,0.0,0.0,,0.017580309882760048,-0.008884700015187269,-0.04807358235120773
1680270118310954952,,0.0,0.0,0.0,,0.01740826480090618,-0.008675732649862771,-0.04751646891236305
1680270118324013960,,0.0,0.0,0.0,,0.016856690868735313,-0.010207902640104299,-0.047324445098638535
1680270118340550983,,0.0,0.0,0.0,,0.016862187534570694,-0.010624308139085775,-0.04746086895465851
1680270118354087865,,0.0,0.0,0.0,,0.015983713790774345,-0.010782346129417425,-0.046495769172906876
1680270118372504334,,0.0,0.0,0.0,,0.01522955484688282,-0.010748576372861867,-0.045805592089891434
1680270118387437197,,0.0,0.0,0.0,,0.014523360878229141,-0.011274227872490888,-0.04459109529852867
1680270118402089505,,0.0,0.0,0.0,,0.01392293069511652,-0.011294643394649034,-0.04365232586860657
1680270118413898234,,0.0,0.0,0.0,,0.012570289894938469,-0.01123452559113503,-0.04268471896648407
1680270118432547970,,0.0,0.0,0.0,,0.011531330645084381,-0.01035770401358605,-0.040804341435432434
1680270118449809288,,0.0,0.0,0.0,,0.00842919573187828,-0.008982493542134767,-0.03842252865433693
1680270118467504559,,0.0,0.0,0.0,,0.006230737082660198,-0.00775255355983973,-0.037021439522504807
1680270118482459563,,0.0,0.0,0.0,,0.00359709863550961,-0.007019668817520146,-0.03457562252879143
1680270118499017646,,0.0,0.0,0.0,,0.0018676663748919964,-0.006043027155101304,-0.032854113727808
1680270118516138782,,0.0,0.0,0.0,,-0.0006151879206299782,-0.004816297441720966,-0.031101973727345467
1680270118533131108,,0.0,0.0,0.0,,-0.002714785747230053,-0.004880491644144062,-0.030665328726172447
1680270118550206017,,0.0,0.0,0.0,,-0.0029934311751276255,-0.003516221651807431,-0.029734332114458084
1680270118565187752,,0.0,0.0,0.0,,-0.004949869122356176,-0.0025807376950979267,-0.028624538332223892
1680270118583471042,,0.0,0.0,0.0,,-0.00932810828089714,-0.0017566783353686365,-0.027348017320036888
1680270118599498793,,0.0,0.0,0.0,,-0.009944130666553974,-0.002130068140104416,-0.025734301656484604
1680270118615340666,,0.0,0.0,0.0,,-0.009995933622121811,-0.0022700447589159042,-0.025779293850064278
1680270118631309838,,0.0,0.0,0.0,,-0.01174698956310749,-0.0024655477609485422,-0.026654185727238655
1680270118646973407,,0.0,0.0,0.0,,-0.012866679579019547,-0.002858506515622142,-0.026250094175338745
1680270118664498489,,0.0,0.0,0.0,,-0.01326066441833973,-0.004253919236361984,-0.02627868577837944
1680270118676043826,,0.0,0.0,0.0,,-0.012525609694421291,-0.0053879171609878575,-0.026844769716262817
1680270118693778169,,0.0,0.0,0.0,,-0.010658860206604004,-0.00587625335901976,-0.028791924938559532
1680270118710761718,,0.0,0.0,0.0,,-0.011362728662788868,-0.006495297420769933,-0.03031861037015915
1680270118724819674,,0.0,0.0,0.0,,-0.009546075947582722,-0.006790032610297207,-0.03197486326098442
1680270118741619219,,0.0,0.0,0.0,,-0.00696990080177784,-0.009011950343847278,-0.034227028489112854
1680270118757609630,,0.0,0.0,0.0,,-0.005251812748610973,-0.008610285818576818,-0.035888899117708206
1680270118772624457,,0.0,0.0,0.0,,-0.0035514095798134804,-0.009115448221564298,-0.037170421332120895
1680270118786805904,,0.0,0.0,0.0,,-0.004420973360538483,-0.008570118807256227,-0.038030315190553665
1680270118805049951,,0.0,0.0,0.0,,-0.0053961509838700294,-0.007339967880398039,-0.038462914526462555
1680270118819550826,,0.0,0.0,0.0,,-0.005526757333427668,-0.005730590783059602,-0.03925503417849541
1680270118832091153,,0.0,0.0,0.0,,-0.006122586317360401,-0.003765422152355318,-0.03918391466140747
1680270118849945100,,0.0,0.0,0.0,,-0.006095487624406815,-0.002014125697314744,-0.04048246517777443
1680270118864938957,,0.0,0.0,0.0,,-0.006655971985310316,-0.0005957994144409945,-0.04054870456457138
1680270118879548706,,0.0,0.0,0.0,,-0.00643828185275197,0.0009421787690371225,-0.041138600558042526
1680270118898389659,,0.0,0.0,0.0,,-0.005078877788037062,0.0020982362329959817,-0.04214033484458923
1680270118915759441,,0.0,0.0,0.0,,-0.005776811856776476,0.0036886329762637563,-0.042901333421468735
1680270118929782091,,0.0,0.0,0.0,,-0.005727306008338928,0.005494305398315186,-0.04268515855073929
1680270118947284270,,0.0,0.0,0.0,,-0.004720349330455065,0.007537433877587313,-0.043752964586019516
1680270118962189291,,0.0,0.0,0.0,,-0.004814317915588617,0.010180542245507235,-0.04452440142631531
1680270118975972543,,0.0,0.0,0.0,,-0.005706241354346275,0.012193303555250163,-0.04513118416070938
1680270118992356280,,0.0,0.0,0.0,,-0.005647977814078331,0.013851445168256754,-0.04592175781726837
1680270119006945230,,0.0,0.0,0.0,,-0.004793102387338877,0.014488065615296359,-0.046229828149080276
1680270119025299793,,0.0,0.0,0.0,,-0.003935584798455238,0.014498783275485034,-0.04502672702074051
1680270119040575718,,0.0,0.0,0.0,,-0.002840921049937606,0.01379809714853763,-0.04491767659783363
1680270119059636793,,0.0,0.0,0.0,,-0.002394523238763213,0.012151633389294142,-0.043205246329307556
1680270119074271748,,0.0,0.0,0.0,,-0.0010342954192310572,0.009867615997791285,-0.042194709181785583
1680270119090355855,,0.0,0.0,0.0,,0.001148589188233018,0.0074015427380800195,-0.04086770862340927
1680270119110845602,,0.0,0.0,0.0,,0.003543585306033492,0.003924125805497165,-0.03881217911839485
1680270119124561880,,0.0,0.0,0.0,,0.005018044263124466,-0.0003127749077975796,-0.037616364657878876
1680270119143467204,,0.0,0.0,0.0,,0.007078215479850769,-0.0039965379983186765,-0.03664632886648178
1680270119161724816,,0.0,0.0,0.0,,0.01128897350281477,-0.007305529434233908,-0.03505631908774376
1680270119176336107,,0.0,0.0,0.0,,0.012531706131994724,-0.011167129501700405,-0.03311559185385704
1680270119191682834,,0.0,0.0,0.0,,0.01382611133158207,-0.014131714589893821,-0.03291881084442139
1680270119210704505,,0.0,0.0,0.0,,0.015299898572266102,-0.016961522400379184,-0.0322837233543396
1680270119224949291,,0.0,0.0,0.0,,0.015611549839377403,-0.01867674477398396,-0.030829058960080143
1680270119240492185,,0.0,0.0,0.0,,0.015623669140040874,-0.02035756222903729,-0.02972244285047054
1680270119255610615,,0.0,0.0,0.0,,0.015679841861128807,-0.021910157054662708,-0.029821692034602162
1680270119273737102,,0.0,0.0,0.0,,0.015619976446032524,-0.023474743589758876,-0.02932447753846645
1680270119290484469,,0.0,0.0,0.0,,0.01762138493359089,-0.02515489794313908,-0.028698200359940525
1680270119304462737,,0.0,0.0,0.0,,0.017032969743013382,-0.024988470599055294,-0.028166113421320912
1680270119324267683,,0.0,0.0,0.0,,0.014935874380171299,-0.024527261033654216,-0.02597352489829063
1680270119339087084,,0.0,0.0,0.0,,0.014899018220603466,-0.025544997304677967,-0.026067292317748066
1680270119354588150,,0.0,0.0,0.0,,0.014587647281587124,-0.025531245395541195,-0.024870142340660092
1680270119371295261,,0.0,0.0,0.0,,0.014136774465441704,-0.026055175811052326,-0.02372757717967033
1680270119384539305,,0.0,0.0,0.0,,0.013150091283023357,-0.02602707222104073,-0.022524185478687283
1680270119404452955,,0.0,0.0,0.0,,0.012229636311531067,-0.025724597275257114,-0.02151296660304069
1680270119416988514,,0.0,0.0,0.0,,0.010754469782114029,-0.025318790227174762,-0.021623473614454266
1680270119432583415,,0.0,0.0,0.0,,0.010517284274101257,-0.025257294997572902,-0.021044803783297535
1680270119449449143,,0.0,0.0,0.0,,0.008943827822804451,-0.024962265044450763,-0.020260531455278393
1680270119469340862,,0.0,0.0,0.0,,0.007238665595650673,-0.023766169324517254,-0.01987953297793865
1680270119481432140,,0.0,0.0,0.0,,0.005873869173228741,-0.022964261472225193,-0.019250886514782902
1680270119499111370,,0.0,0.0,0.0,,0.005349372513592243,-0.021248612552881244,-0.0195638183504343
1680270119517841295,,0.0,0.0,0.0,,0.0051537915132939816,-0.02064916677772999,-0.01950866729021072
1680270119533873766,,0.0,0.0,0.0,,0.003362487070262432,-0.01959481462836266,-0.01849512197077274
1680270119550284854,,0.0,0.0,0.0,,0.0021996747236698866,-0.01883647590875626,-0.019128438085317608
1680270119564355203,,0.0,0.0,0.0,,0.0017245514318346977,-0.01727217994630337,-0.019482349976897236
1680270119582110055,,0.0,0.0,0.0,,0.0005965919699519873,-0.015417094342410566,-0.019138863310217854
1680270119596941789,,0.0,0.0,0.0,,0.00031263381242752075,-0.01480135601013899,-0.01953492499887943
1680270119612424390,,0.0,0.0,0.0,,5.7126861065626144e-05,-0.014283469878137113,-0.02013401128351688
1680270119630544264,,0.0,0.0,0.0,,-0.00038355449214577675,-0.011546057648956777,-0.02057020179927349
1680270119644464974,,0.0,0.0,0.0,,-0.001955525018274784,-0.008927938528358938,-0.020749716088175774
1680270119663606880,,0.0,0.0,0.0,,-0.003329114057123661,-0.0064004277810454395,-0.02148897759616375
1680270119675878305,,0.0,0.0,0.0,,-0.003320682095363736,-0.003805673215538266,-0.022601081058382988
1680270119694554901,,0.0,0.0,0.0,,-0.003671962535008788,-0.00033511151559651185,-0.023294929414987564
1680270119711340900,,0.0,0.0,0.0,,-0.004345034249126911,0.002745547331869599,-0.023556841537356377
1680270119729912639,,0.0,0.0,0.0,,-0.006597509142011404,0.005297375377267596,-0.024908103048801422
1680270119741887089,,0.0,0.0,0.0,,-0.007101856172084808,0.0075384257361292804,-0.025960950180888176
1680270119761672318,,0.0,0.0,0.0,,-0.006578848697245121,0.010284201242029663,-0.02700941078364849
1680270119775466491,,0.0,0.0,0.0,,-0.006246352568268776,0.012196514755487439,-0.028196074068546295
1680270119791536491,,0.0,0.0,0.0,,-0.0055125392973423,0.013444159179925915,-0.028213543817400932
1680270119807784905,,0.0,0.0,0.0,,-0.00523068942129612,0.013601608574390408,-0.028466926887631416
1680270119823422296,,0.0,0.0,0.0,,-0.004270012490451336,0.013894186355173584,-0.027277041226625443
1680270119842292003,,0.0,0.0,0.0,,-0.0031781077850610018,0.01315946318209171,-0.026709673926234245
1680270119856482167,,0.0,0.0,0.0,,-0.0019213019404560328,0.012970747426152226,-0.027006985619664192
1680270119871036491,,0.0,0.0,0.0,,-0.0005191590171307325,0.01277515850961208,-0.027247469872236252
1680270119885588141,,0.0,0.0,0.0,,-0.00014625582844018936,0.012125623412430283,-0.027004508301615715
1680270119902394298,,0.0,0.0,0.0,,0.001729779876768589,0.01271490845829248,-0.02762599103152752
1680270119916294560,,0.0,0.0,0.0,,0.0027576545253396034,0.01095611788332462,-0.028228599578142166
1680270119931960474,,0.0,0.0,0.0,,0.0038807636592537165,0.010903047397732731,-0.02827591449022293
1680270119950407821,,0.0,0.0,0.0,,0.005596587434411049,0.009918328374624249,-0.028770916163921356
1680270119965744830,,0.0,0.0,0.0,,0.008711587637662888,0.008313925005495545,-0.029266197234392166
1680270119982464475,,0.0,0.0,0.0,,0.010374113917350769,0.005504144821316,-0.03029678389430046
1680270119996153131,,0.0,0.0,0.0,,0.0121430279687047,0.0034906002692878207,-0.03149861469864845
1680270120012775664,,0.0,0.0,0.0,,0.013199551030993462,0.0012322445400059184,-0.03140062093734741
1680270120026284433,,0.0,0.0,0.0,,0.015270423144102097,-0.0006993070710450449,-0.0313611663877964
1680270120042279573,,0.0,0.0,0.0,,0.015097997151315212,-0.003459102241322402,-0.03210961073637009
1680270120060258043,,0.0,0.0,0.0,,0.01505270041525364,-0.006646881345659499,-0.03225298970937729
1680270120074186427,,0.0,0.0,0.0,,0.01542549580335617,-0.007689067162573342,-0.03211812302470207
1680270120093391781,,0.0,0.0,0.0,,0.014947941526770592,-0.010397859849035743,-0.03288961201906204
1680270120111193241,,0.0,0.0,0.0,,0.01498001255095005,-0.01278818026185036,-0.03357083350419998
1680270120125140240,,0.0,0.0,0.0,,0.014458326622843742,-0.01561008766293526,-0.03292413428425789
1680270120135724278,,0.0,0.0,0.0,,0.014200275763869286,-0.017027907073497776,-0.03301798552274704
1680270120155081026,,0.0,0.0,0.0,,0.012613913975656033,-0.0185503363609314,-0.03275080770254135
1680270120168870580,,0.0,0.0,0.0,,0.010589893907308578,-0.0197896882891655,-0.032273147255182266
1680270120183341168,,0.0,0.0,0.0,,0.009395366534590721,-0.01925139129161835,-0.03129551559686661
1680270120199455481,,0.0,0.0,0.0,,0.007762754335999489,-0.020140361040830616,-0.030293738469481465
1680270120215726497,,0.0,0.0,0.0,,0.0051249233074486256,-0.020869633182883266,-0.03004549443721771
1680270120228815431,,0.0,0.0,0.0,,0.002160325413569808,-0.020501093938946727,-0.029483158141374585
1680270120244281731,,0.0,0.0,0.0,,-0.0002596229314804077,-0.019019279628992084,-0.029007026925683018
1680270120262202864,,0.0,0.0,0.0,,-0.004243996925652027,-0.017297385260462764,-0.027827093377709385
1680270120276629951,,0.0,0.0,0.0,,-0.008105220273137093,-0.015636011958122257,-0.027691828086972233
1680270120291918329,,0.0,0.0,0.0,,-0.01084153726696968,-0.01404879987239838,-0.026316510513424873
1680270120309376065,,0.0,0.0,0.0,,-0.01309824176132679,-0.012329295277595523,-0.02561855874955654
1680270120324152305,,0.0,0.0,0.0,,-0.016332494094967842,-0.010277318768203262,-0.02424691617488861
1680270120339448487,,0.0,0.0,0.0,,-0.020092463120818138,-0.00858511030673981,-0.023487897589802742
1680270120356440763,,0.0,0.0,0.0,,-0.022092601284384727,-0.006773622706532481,-0.022396277636289597
1680270120371711367,,0.0,0.0,0.0,,-0.023832052946090698,-0.005678772926330569,-0.021671082824468613
1680270120387686229,,0.0,0.0,0.0,,-0.023100240156054497,-0.006370391696691516,-0.021351875737309456
1680270120402647475,,0.0,0.0,0.0,,-0.023438338190317154,-0.006873004138469699,-0.019813142716884613
1680270120418798587,,0.0,0.0,0.0,,-0.026697931811213493,-0.006813601590692999,-0.017554210498929024
1680270120431766033,,0.0,0.0,0.0,,-0.02708175778388977,-0.00696656107902527,-0.016028273850679398
1680270120449725398,,0.0,0.0,0.0,,-0.026755403727293015,-0.0058280127122998255,-0.014598285779356956
1680270120463550408,,0.0,0.0,0.0,,-0.026292098686099052,-0.006010088603943588,-0.012304398231208324
1680270120481747106,,0.0,0.0,0.0,,-0.02638092450797558,-0.005801536142826082,-0.011596971191465855
1680270120495103801,,0.0,0.0,0.0,,-0.027215002104640007,-0.0071185817942023295,-0.011645991355180739
1680270120514436243,,0.0,0.0,0.0,,-0.026072682812809944,-0.007166776806116106,-0.011346937157213686
1680270120530313894,,0.0,0.0,0.0,,-0.024890435859560966,-0.006715163588523866,-0.010596505366265774
1680270120544567025,,0.0,0.0,0.0,,-0.026269318535923958,-0.007363473065197469,-0.009642916731536387
1680270120562091125,,0.0,0.0,0.0,,-0.0247664637863636,-0.007817149162292482,-0.009196160361170767
1680270120576117562,,0.0,0.0,0.0,,-0.024014394730329514,-0.008297355845570564,-0.006504239980131387
1680270120591863687,,0.0,0.0,0.0,,-0.0254018846899271,-0.007660818286240102,-0.0039250440895557395
1680270120607552794,,0.0,0.0,0.0,,-0.025479750707745552,-0.007161877583712339,-0.001628506579436361
1680270120625819634,,0.0,0.0,0.0,,-0.026840604841709137,-0.0062371306121349335,0.0015812282217666515
1680270120642311603,,0.0,0.0,0.0,,-0.027531426399946213,-0.005365636199712752,0.00377728813327849
1680270120660257702,,0.0,0.0,0.0,,-0.023777134716510773,-0.0028841518796980372,0.005325524602085352
1680270120674387002,,0.0,0.0,0.0,,-0.02396910823881626,-0.0006054993718862525,0.00720982626080513
1680270120691316159,,0.0,0.0,0.0,,-0.026934387162327766,0.0020264221820980323,0.009325290098786354
1680270120707090436,,0.0,0.0,0.0,,-0.026730721816420555,0.005193536169826986,0.010905924253165722
1680270120722598645,,0.0,0.0,0.0,,-0.025340937077999115,0.008008634671568872,0.01244894042611122
1680270120737980097,,0.0,0.0,0.0,,-0.026274260133504868,0.01248750649392605,0.012899412773549555
1680270120752532649,,0.0,0.0,0.0,,-0.02864849753677845,0.01732579618692398,0.013281639665365217
1680270120766348963,,0.0,0.0,0.0,,-0.030328145250678062,0.021390838548541073,0.014366607181727883
1680270120783485989,,0.0,0.0,0.0,,-0.026919487863779068,0.0260502714663744,0.015129658393561837
1680270120799469708,,0.0,0.0,0.0,,-0.025861453264951706,0.028857568278908733,0.017072333022952076
1680270120814627862,,0.0,0.0,0.0,,-0.026178032159805298,0.03059252165257931,0.016998900100588795
1680270120832294889,,0.0,0.0,0.0,,-0.024334054440259933,0.032616715878248215,0.017965603619813916
1680270120847518075,,0.0,0.0,0.0,,-0.02209489233791828,0.03324982151389122,0.01869455352425575
1680270120864522553,,0.0,0.0,0.0,,-0.019351432099938393,0.035133544355630875,0.019437853246927258
1680270120879267976,,0.0,0.0,0.0,,-0.01744329184293747,0.03449460491538048,0.022123133763670918
1680270120893602580,,0.0,0.0,0.0,,-0.017271166667342186,0.03284413740038872,0.02369979955255985
1680270120911314902,,0.0,0.0,0.0,,-0.01172479335218668,0.031786344945430756,0.025196556001901623
1680270120927690083,,0.0,0.0,0.0,,-0.009259810671210289,0.030993822962045673,0.028299164026975628
1680270120944090050,,0.0,0.0,0.0,,-0.00868962425738573,0.029231766238808635,0.031220622360706326
1680270120962307547,,0.0,0.0,0.0,,-0.0075880782678723335,0.028127221390604976,0.03503137454390526
1680270120974804954,,0.0,0.0,0.0,,-0.007089236285537481,0.027764799073338512,0.037990108132362366
1680270120992243314,,0.0,0.0,0.0,,-0.013797147199511528,0.029156459495425228,0.03998880833387374
1680270121009636419,,0.0,0.0,0.0,,-0.0028302748687565327,0.028653921559453017,0.04438988119363784
1680270121027065220,,0.0,0.0,0.0,,-0.010364051908254623,0.025390433147549636,0.054915230721235275
1680270121043508899,,0.0,0.0,0.0,,-0.008196204900741577,0.020976990461349494,0.06317580491304398
1680270121062291153,,0.0,0.0,0.0,,-0.003800346050411463,0.018616709858179103,0.07278398424386978
1680270121076231800,,0.0,0.0,0.0,,-0.00034621404483914375,0.0156599059700966,0.08274389803409576
1680270121095010206,,0.0,0.0,0.0,,-0.0016839869786053896,0.011307322420179856,0.09563838690519333
1680270121113520440,,0.0,0.0,0.0,,-0.006914781406521797,0.00785046070814134,0.10734114050865173
1680270121130094433,,0.0,0.0,0.0,,-0.0016092893201857805,0.008496675640344634,0.1169450432062149
1680270121146698081,,0.0,0.0,0.0,,0.0013961901422590017,0.006036407779902235,0.12479037046432495
1680270121163074815,,0.0,0.0,0.0,,-0.0041501144878566265,0.0016949594719335602,0.13373881578445435
1680270121179029128,,0.0,0.0,0.0,,-0.0051526837050914764,0.002352413721382635,0.13948483765125275
1680270121194030970,,0.0,0.0,0.0,,0.001873326487839222,0.00470887357369067,0.14454621076583862
1680270121212759714,,0.0,0.0,0.0,,0.0008112918585538864,0.0027229490224272195,0.15035492181777954
1680270121230036982,,0.0,0.0,0.0,,-0.0007240928243845701,0.0019889993127435637,0.15705883502960205
1680270121247294633,,0.0,0.0,0.0,,0.0006297482177615166,0.0024160004686564407,0.16195547580718994
1680270121263686025,,0.0,0.0,0.0,,0.0037405649200081825,0.0032255186233669723,0.16791757941246033
1680270121279898421,,0.0,0.0,0.0,,0.004197410307824612,0.0022872562985867474,0.17415253818035126
1680270121294374239,,0.0,0.0,0.0,,0.002570807235315442,0.0012195166200399618,0.17939810454845428
1680270121312551831,,0.0,0.0,0.0,,0.00596358347684145,0.0020448956638574826,0.18517644703388214
1680270121329586736,,0.0,0.0,0.0,,0.009326868690550327,0.0008823282551020617,0.19020920991897583
1680270121344453525,,0.0,0.0,0.0,,0.011662871576845646,-0.0012499806471168756,0.19523365795612335
1680270121362889581,,0.0,0.0,0.0,,0.01738128624856472,-0.0026734585408121105,0.19990086555480957
1680270121379434860,,0.0,0.0,0.0,,0.021028701215982437,-0.003302760422229742,0.2035798728466034
1680270121392009121,,0.0,0.0,0.0,,0.023936424404382706,-0.004605330061167453,0.20707952976226807
1680270121412647677,,0.0,0.0,0.0,,0.028765395283699036,-0.007343559525907014,0.2129790037870407
1680270121427544813,,0.0,0.0,0.0,,0.03218147158622742,-0.006391052156686756,0.21745261549949646
1680270121443979144,,0.0,0.0,0.0,,0.03434621915221214,-0.0028023438062518566,0.22129468619823456
1680270121460320552,,0.0,0.0,0.0,,0.035292480140924454,-0.0007412803824990712,0.22530998289585114
1680270121474391312,,0.0,0.0,0.0,,0.034184087067842484,0.00018428242765369826,0.2282770425081253
1680270121491450132,,0.0,0.0,0.0,,0.03721179813146591,0.004951170645654229,0.2300768345594406
1680270121511272180,,0.0,0.0,0.0,,0.03733867034316063,0.010164564475417165,0.2303299456834793
1680270121524022741,,0.0,0.0,0.0,,0.035700514912605286,0.012548441067338018,0.23088614642620087
1680270121539882728,,0.0,0.0,0.0,,0.037617605179548264,0.016145985573530225,0.23044900596141815
1680270121557656004,,0.0,0.0,0.0,,0.03709571063518524,0.02246211469173434,0.22921468317508698
1680270121571917151,,0.0,0.0,0.0,,0.03653779625892639,0.02874093689024451,0.2266664057970047
1680270121589622900,,0.0,0.0,0.0,,0.030687939375638962,0.03606680408120158,0.22520482540130615
1680270121603317347,,0.0,0.0,0.0,,0.026472557336091995,0.042387757450342206,0.22318540513515472
1680270121622047763,,0.0,0.0,0.0,,0.02655302733182907,0.051512684673070935,0.21926116943359375
1680270121636519794,,0.0,0.0,0.0,,0.021846415475010872,0.057838857173919705,0.21717014908790588
1680270121655225625,,0.0,0.0,0.0,,0.01740068569779396,0.0640089958906174,0.2144463062286377
1680270121673138923,,0.0,0.0,0.0,,0.013741223141551018,0.06899483501911166,0.21091940999031067
1680270121690352642,,0.0,0.0,0.0,,0.01462436281144619,0.07368698716163638,0.2058391124010086
1680270121706143991,,0.0,0.0,0.0,,0.014166189357638359,0.07634044438600543,0.20120294392108917
1680270121721786842,,0.0,0.0,0.0,,0.009250827133655548,0.07769656181335452,0.1957516223192215
1680270121736353931,,0.0,0.0,0.0,,0.009530601091682911,0.0788722783327103,0.1912401020526886
1680270121753106066,,0.0,0.0,0.0,,0.011563591659069061,0.07955458760261538,0.18686826527118683
1680270121768860536,,0.0,0.0,0.0,,0.009865370579063892,0.07767036557197574,0.1817047894001007
1680270121783804530,,0.0,0.0,0.0,,0.008590677753090858,0.07634588330984118,0.17708513140678406
1680270121799700024,,0.0,0.0,0.0,,0.008248637430369854,0.07484161853790286,0.17283262312412262
1680270121814699982,,0.0,0.0,0.0,,0.01124592311680317,0.07208088040351869,0.16791971027851105
1680270121834420701,,0.0,0.0,0.0,,0.012686863541603088,0.06904647499322893,0.1626318395137787
1680270121850264428,,0.0,0.0,0.0,,0.012430470436811447,0.06459657102823259,0.1578294187784195
1680270121866526186,,0.0,0.0,0.0,,0.012631956487894058,0.060652226209640524,0.15341216325759888
1680270121883680435,,0.0,0.0,0.0,,0.01584131270647049,0.0570899546146393,0.14858569204807281
1680270121897517959,,0.0,0.0,0.0,,0.015587415546178818,0.05292142555117609,0.14686280488967896
1680270121911530310,,0.0,0.0,0.0,,0.015131868422031403,0.050017695873975775,0.14334729313850403
1680270121931072435,,0.0,0.0,0.0,,0.016635825857520103,0.04472473636269571,0.1381516307592392
1680270121946598637,,0.0,0.0,0.0,,0.01593746244907379,0.040853176265954985,0.13553784787654877
1680270121964092390,,0.0,0.0,0.0,,0.015546341426670551,0.035786360502243056,0.13278348743915558
1680270121981919447,,0.0,0.0,0.0,,0.01490675751119852,0.03076846711337568,0.12877555191516876
1680270121997802828,,0.0,0.0,0.0,,0.01442746538668871,0.0268087610602379,0.1253475844860077
1680270122014691319,,0.0,0.0,0.0,,0.013517266139388084,0.021599417552351965,0.122525654733181
1680270122033891805,,0.0,0.0,0.0,,0.011493965983390808,0.017753502354025855,0.12067495286464691
1680270122046239752,,0.0,0.0,0.0,,0.01070264633744955,0.012809971347451224,0.11805970966815948
1680270122063218152,,0.0,0.0,0.0,,0.009246359579265118,0.007700086571276202,0.11570668965578079
1680270122076957001,,0.0,0.0,0.0,,0.006560647860169411,0.00486695766448976,0.11528825014829636
1680270122090879795,,0.0,0.0,0.0,,0.005378418602049351,0.00044992100447417715,0.11518560349941254
1680270122111392435,,0.0,0.0,0.0,,0.0024332322645932436,-0.0035323339980095486,0.11447640508413315
1680270122124065701,,0.0,0.0,0.0,,-0.00020966818556189537,-0.006875878665596233,0.11420907825231552
1680270122140570875,,0.0,0.0,0.0,,-0.001935858279466629,-0.009438206441700445,0.11484956741333008
1680270122157043688,,0.0,0.0,0.0,,-0.004213158041238785,-0.01255853101611136,0.1160900741815567
1680270122171479491,,0.0,0.0,0.0,,-0.005206779111176729,-0.014236768707633005,0.11604771018028259
1680270122189993382,,0.0,0.0,0.0,,-0.008729549124836922,-0.015684058889746652,0.11601681262254715
1680270122206716454,,0.0,0.0,0.0,,-0.009631424210965633,-0.017224946990609155,0.11617567390203476
1680270122223798868,,0.0,0.0,0.0,,-0.009812984615564346,-0.017850967124104486,0.11694495379924774
1680270122240063802,,0.0,0.0,0.0,,-0.010760892182588577,-0.018451316282153116,0.11578583717346191
1680270122256581079,,0.0,0.0,0.0,,-0.011198693886399269,-0.01946211606264113,0.11431524902582169
1680270122272488495,,0.0,0.0,0.0,,-0.011260033585131168,-0.018936978653073297,0.11298146843910217
1680270122290610783,,0.0,0.0,0.0,,-0.01075564231723547,-0.018657779321074472,0.11185046285390854
1680270122304492590,,0.0,0.0,0.0,,-0.009640255942940712,-0.017216004431247697,0.110184445977211
1680270122322183452,,0.0,0.0,0.0,,-0.009314512833952904,-0.01602404564619063,0.1067759096622467
1680270122336622932,,0.0,0.0,0.0,,-0.009699897840619087,-0.01490871515125035,0.10384353995323181
1680270122356757155,,0.0,0.0,0.0,,-0.007085309363901615,-0.012540823780000198,0.10032641142606735
1680270122372587135,,0.0,0.0,0.0,,-0.0059246644377708435,-0.010656729340553272,0.09704399853944778
1680270122390147583,,0.0,0.0,0.0,,-0.0054947808384895325,-0.008862183429300773,0.09413257241249084
1680270122405207043,,0.0,0.0,0.0,,-0.004182807635515928,-0.006340003572404373,0.0909629687666893
1680270122422688462,,0.0,0.0,0.0,,-0.00438310019671917,-0.003640541108325113,0.0874197781085968
1680270122434717674,,0.0,0.0,0.0,,-0.0029873051680624485,-0.0005950552877038613,0.08502424508333206
1680270122457118466,,0.0,0.0,0.0,,-0.0002471734769642353,0.002653469331562529,0.0805409699678421
1680270122474063823,,0.0,0.0,0.0,,-0.0017822202062234282,0.006787427701056013,0.07775426656007767
1680270122490913952,,0.0,0.0,0.0,,0.0007084347307682037,0.009646106511354455,0.07443149387836456
1680270122513109691,,0.0,0.0,0.0,,0.0008602004963904619,0.012213592417538175,0.07065883278846741
1680270122526745768,,0.0,0.0,0.0,,0.0006763855926692486,0.015929646790027625,0.06723394244909286
1680270122542728695,,0.0,0.0,0.0,,0.002012551762163639,0.01928579807281495,0.06477289646863937
1680270122562970569,,0.0,0.0,0.0,,0.0019958100747317076,0.023005422204732902,0.059546515345573425
1680270122576141125,,0.0,0.0,0.0,,0.0018146757502108812,0.026209853589534766,0.056767236441373825
1680270122591996924,,0.0,0.0,0.0,,0.0019803799223154783,0.030102247372269637,0.05407449230551719
1680270122610896827,,0.0,0.0,0.0,,0.0025475765578448772,0.033552240580320365,0.049886230379343026
1680270122630132800,,0.0,0.0,0.0,,0.0030147985089570284,0.03627081960439683,0.04556132107973098
1680270122645032250,,0.0,0.0,0.0,,0.0028664416167885065,0.038064800202846534,0.04180942103266715
1680270122663946851,,0.0,0.0,0.0,,0.0031990427523851395,0.04073240980505944,0.038195889443159096
1680270122679768276,,0.0,0.0,0.0,,0.004431997425854206,0.0418599620461464,0.0341675616800785
1680270122694691882,,0.0,0.0,0.0,,0.005858831573277712,0.04336407035589219,0.03038197383284568
1680270122711497107,,0.0,0.0,0.0,,0.005261074751615524,0.04449792206287384,0.02619517967104911
1680270122729980431,,0.0,0.0,0.0,,0.006243851967155933,0.04569907858967781,0.02105151675641536
1680270122743017147,,0.0,0.0,0.0,,0.006509306840598583,0.04649338126182556,0.01659784093499183
1680270122760792668,,0.0,0.0,0.0,,0.007846067659556866,0.04781964048743248,0.011672854423522944
1680270122774502423,,0.0,0.0,0.0,,0.009418319910764694,0.04796767234802246,0.007985136471688742
1680270122792414548,,0.0,0.0,0.0,,0.009813003242015839,0.048037298023700714,0.0035039554350078045
1680270122811180902,,0.0,0.0,0.0,,0.01054440252482891,0.047134920954704285,-0.0015592771815136134
1680270122824598109,,0.0,0.0,0.0,,0.010947556234896183,0.045954469591379166,-0.004280921071767812
1680270122840987898,,0.0,0.0,0.0,,0.01105895172804594,0.045758314430713654,-0.006842867005616432
1680270122859214692,,0.0,0.0,0.0,,0.010295705869793892,0.04565458744764328,-0.009372031316161161
1680270122875062757,,0.0,0.0,0.0,,0.009529503993690014,0.04462401568889618,-0.011902853846549993
1680270122891396029,,0.0,0.0,0.0,,0.008182656951248646,0.04408995807170868,-0.014095784164965158
1680270122910673018,,0.0,0.0,0.0,,0.007728324271738529,0.04205299913883209,-0.01567376591265202
1680270122929893000,,0.0,0.0,0.0,,0.005056600086390972,0.0391438864171505,-0.016343709081411365
1680270122946281105,,0.0,0.0,0.0,,0.0031558957416564226,0.036483634263277054,-0.016860447824001316
1680270122963209451,,0.0,0.0,0.0,,0.0020741845946758986,0.033359307795763016,-0.016847753897309307
1680270122983067667,,0.0,0.0,0.0,,0.0009740837849676609,0.028804142028093335,-0.016670802608132366
1680270122996290251,,0.0,0.0,0.0,,-0.0001464833039790392,0.02462867088615894,-0.01678942516446114
1680270123011732125,,0.0,0.0,0.0,,-0.002009236253798008,0.0205217283219099,-0.015654331073164943
1680270123030343309,,0.0,0.0,0.0,,-0.002742248121649027,0.014764873310923575,-0.0148736285045743
1680270123044904236,,0.0,0.0,0.0,,-0.0033497135154902935,0.00994010455906391,-0.015138587914407255
1680270123064030383,,0.0,0.0,0.0,,-0.00571071170270443,0.0029050158336758596,-0.014807863160967827
1680270123078630102,,0.0,0.0,0.0,,-0.0067880768328905106,-0.0017977014649659415,-0.015501214191317558
1680270123096250953,,0.0,0.0,0.0,,-0.008655327372252941,-0.006214121356606485,-0.016231127083301544
1680270123113407014,,0.0,0.0,0.0,,-0.009224926121532917,-0.011752825230360033,-0.01650690846145153
1680270123131684564,,0.0,0.0,0.0,,-0.009117227979004383,-0.016403220593929294,-0.015872796997427937
1680270123145229801,,0.0,0.0,0.0,,-0.012357400730252266,-0.01970876939594746,-0.016788398846983906
1680270123164244760,,0.0,0.0,0.0,,-0.011739415116608143,-0.02287726476788521,-0.017168518155813214
1680270123179084298,,0.0,0.0,0.0,,-0.01190938614308834,-0.025550082325935367,-0.016382273286581036
1680270123192517946,,0.0,0.0,0.0,,-0.012790707871317863,-0.028148520737886432,-0.016203776001930233
1680270123210298997,,0.0,0.0,0.0,,-0.013697001151740551,-0.030669806525111202,-0.015524974092841145
1680270123226200692,,0.0,0.0,0.0,,-0.013324277475476265,-0.03157281130552292,-0.016156535595655438
1680270123242849164,,0.0,0.0,0.0,,-0.013998091220855713,-0.032461896538734436,-0.01567873544991016
1680270123259309955,,0.0,0.0,0.0,,-0.01673210971057415,-0.03316850587725639,-0.01529076416045427
1680270123273699311,,0.0,0.0,0.0,,-0.017025219276547432,-0.032849736511707306,-0.015860974788665768
1680270123292206971,,0.0,0.0,0.0,,-0.017212001606822014,-0.033957961946725845,-0.015689963474869725
1680270123307418605,,0.0,0.0,0.0,,-0.01682048663496971,-0.0338224433362484,-0.015618857927620407
1680270123322111509,,0.0,0.0,0.0,,-0.016027722507715225,-0.033779069781303406,-0.015350083820521828
1680270123339338564,,0.0,0.0,0.0,,-0.016931399703025818,-0.03486945480108261,-0.015625419095158573
1680270123356721590,,0.0,0.0,0.0,,-0.01606248877942562,-0.034490007907152176,-0.014898077584803101
1680270123372439491,,0.0,0.0,0.0,,-0.015318327583372593,-0.0351211354136467,-0.014714314602315422
1680270123390922775,,0.0,0.0,0.0,,-0.015018990263342857,-0.035581283271312714,-0.013966317288577551
1680270123403502236,,0.0,0.0,0.0,,-0.01463500875979662,-0.03550291433930397,-0.013012073002755637
1680270123422114130,,0.0,0.0,0.0,,-0.012497332878410816,-0.03641211986541748,-0.01280885469168424
1680270123434026794,,0.0,0.0,0.0,,-0.012679013423621655,-0.03637358173727989,-0.012571319006383414
1680270123455257427,,0.0,0.0,0.0,,-0.010970927774906158,-0.035538993775844574,-0.012345996685326094
1680270123469642705,,0.0,0.0,0.0,,-0.01031262706965208,-0.03372896462678909,-0.0126416552811861
1680270123489580210,,0.0,0.0,0.0,,-0.010639557614922523,-0.030756745487451553,-0.01254746504127979
1680270123503486292,,0.0,0.0,0.0,,-0.010398742742836475,-0.028785403817892075,-0.012560550123453137
1680270123518985695,,0.0,0.0,0.0,,-0.011677384376525879,-0.02746955305337906,-0.012841886840760704
1680270123534737369,,0.0,0.0,0.0,,-0.01053107064217329,-0.026245824992656708,-0.012348799966275689
1680270123551294210,,0.0,0.0,0.0,,-0.009385006502270699,-0.024732908234000206,-0.011761208064854142
1680270123570186920,,0.0,0.0,0.0,,-0.009146682918071747,-0.024327458813786507,-0.01033106446266174
1680270123584322942,,0.0,0.0,0.0,,-0.008389038033783436,-0.023269856348633766,-0.01018825080245733
1680270123603189633,,0.0,0.0,0.0,,-0.0066574979573488235,-0.02304336428642273,-0.00931663159281015
1680270123616933702,,0.0,0.0,0.0,,-0.0050295391120016575,-0.021732624620199203,-0.008048285730183121
1680270123631355940,,0.0,0.0,0.0,,-0.004053697921335697,-0.02046050876379013,-0.007451389450579879
1680270123651424920,,0.0,0.0,0.0,,-0.0008145666215568781,-0.019650937989354134,-0.006322912406176326
1680270123666384313,,0.0,0.0,0.0,,1.4002900570631027e-05,-0.018434906378388405,-0.005248476751148698
1680270123681132210,,0.0,0.0,0.0,,0.0008687400259077549,-0.017277101054787636,-0.0032738605514168718
1680270123696458248,,0.0,0.0,0.0,,0.0023373437579721212,-0.015222028829157352,-0.002238062443211673
1680270123713388206,,0.0,0.0,0.0,,0.0040583014488220215,-0.013228196650743484,0.00015597697347402735
1680270123731564306,,0.0,0.0,0.0,,0.0057189273647964,-0.011426037177443504,0.0016975556500256075
1680270123750638886,,0.0,0.0,0.0,,0.006799643859267235,-0.010372987017035484,0.003579213283956052
1680270123766056536,,0.0,0.0,0.0,,0.008023073896765709,-0.009715860709547997,0.00551748275756836
1680270123781946128,,0.0,0.0,0.0,,0.010235302150249481,-0.00825797952711582,0.0071233920753002175
1680270123799398384,,0.0,0.0,0.0,,0.012365755625069141,-0.0063712713308632365,0.00883005652576685
1680270123815354190,,0.0,0.0,0.0,,0.0132108423858881,-0.00484811421483755,0.01036209799349308
1680270123832885464,,0.0,0.0,0.0,,0.014148276299238205,-0.004541252739727495,0.011945505626499653
1680270123851637901,,0.0,0.0,0.0,,0.015107480809092522,-0.003878154093399642,0.01369850616902113
1680270123870611282,,0.0,0.0,0.0,,0.01609361544251442,-0.0030255552846938354,0.014377625659108162
1680270123883335944,,0.0,0.0,0.0,,0.016617214307188988,-0.0029122100677341205,0.015394099056720734
1680270123899266012,,0.0,0.0,0.0,,0.017323989421129227,-0.0021222943905740955,0.01707782968878746
1680270123914258236,,0.0,0.0,0.0,,0.016776040196418762,-0.002233044011518357,0.018330158665776253
1680270123931050487,,0.0,0.0,0.0,,0.01825576089322567,-0.0019442231860011792,0.019648414105176926
1680270123945362779,,0.0,0.0,0.0,,0.016638830304145813,-0.0015306291170418236,0.02149576134979725
1680270123962794306,,0.0,0.0,0.0,,0.016819853335618973,-0.0006393084768205854,0.022547094151377678
1680270123979668770,,0.0,0.0,0.0,,0.016095735132694244,0.0002801858354359894,0.02350393310189247
1680270123992862410,,0.0,0.0,0.0,,0.01542790699750185,0.000285556772723797,0.02471388503909111
1680270124010811345,,0.0,0.0,0.0,,0.014724773354828358,0.0004900740459561379,0.026006508618593216
1680270124025779724,,0.0,0.0,0.0,,0.013834403827786446,-0.0003739940002560582,0.027271965518593788
1680270124041866615,,0.0,0.0,0.0,,0.01317216083407402,-0.000337170902639624,0.028328776359558105
1680270124061421304,,0.0,0.0,0.0,,0.012111932970583439,-0.0012350294273346626,0.03064792789518833
1680270124076942718,,0.0,0.0,0.0,,0.010224826633930206,-0.0016027637757360896,0.03144603967666626
1680270124093327736,,0.0,0.0,0.0,,0.010372738353908062,-0.0016171992756426293,0.033575382083654404
1680270124110841858,,0.0,0.0,0.0,,0.00942420493811369,-0.0013406882062554316,0.03524470701813698
1680270124125332964,,0.0,0.0,0.0,,0.008034773170948029,-0.002368147252127524,0.036971818655729294
1680270124141371204,,0.0,0.0,0.0,,0.007573109120130539,-0.0022930935956537676,0.03941390663385391
1680270124160567362,,0.0,0.0,0.0,,0.006348380818963051,-0.001928386278450484,0.04143952205777168
1680270124175068768,,0.0,0.0,0.0,,0.0051552653312683105,-0.0019350827205926126,0.04344041645526886
1680270124189153304,,0.0,0.0,0.0,,0.003024714533239603,-0.002401717239990825,0.04573676362633705
1680270124205618803,,0.0,0.0,0.0,,0.00305955670773983,-0.0009378299582749547,0.04786907136440277
1680270124223353808,,0.0,0.0,0.0,,0.001350578386336565,2.7684960514313212e-05,0.05053422600030899
1680270124239744998,,0.0,0.0,0.0,,0.0006724786944687366,-0.0012332773767411644,0.05228741094470024
1680270124257324652,,0.0,0.0,0.0,,0.00019361800514161587,0.000221331603825099,0.05461684986948967
1680270124276574931,,0.0,0.0,0.0,,-0.00041305506601929665,0.0016818160656839679,0.05654361844062805
1680270124293316297,,0.0,0.0,0.0,,-0.0007970251608639956,0.001768737332895405,0.05740150064229965
1680270124311313031,,0.0,0.0,0.0,,-0.002598852152004838,0.0018349587917327952,0.05807093158364296
1680270124327739377,,0.0,0.0,0.0,,-0.00263294973410666,0.002690602792426951,0.05976397171616554
1680270124341136447,,0.0,0.0,0.0,,-0.0024516028352081776,0.0026502539403736665,0.06095270439982414
1680270124355706591,,0.0,0.0,0.0,,-0.0033866362646222115,0.0029372926801443174,0.061969589442014694
1680270124371659271,,0.0,0.0,0.0,,-0.004688153974711895,0.0033716242760419924,0.06234942004084587
1680270124391148067,,0.0,0.0,0.0,,-0.00591201102361083,0.00408990681171418,0.06406668573617935
1680270124405350834,,0.0,0.0,0.0,,-0.0056650713086128235,0.004687116481363781,0.06498738378286362
1680270124421580713,,0.0,0.0,0.0,,-0.008153814822435379,0.0049308869056403715,0.06678225845098495
1680270124435949621,,0.0,0.0,0.0,,-0.007189415395259857,0.004865535534918316,0.06723925471305847
1680270124456079495,,0.0,0.0,0.0,,-0.008500343188643456,0.004002518020570287,0.06833236664533615
1680270124471806333,,0.0,0.0,0.0,,-0.009790286421775818,0.004720253404229888,0.07044512778520584
1680270124486495680,,0.0,0.0,0.0,,-0.01133839599788189,0.004271976649761209,0.07164520025253296
1680270124501406642,,0.0,0.0,0.0,,-0.012468501925468445,0.0043781842105090705,0.07280538231134415
1680270124518652762,,0.0,0.0,0.0,,-0.010682246647775173,0.005879787728190431,0.07433085143566132
1680270124533365713,,0.0,0.0,0.0,,-0.013344740495085716,0.005291326902806768,0.07570243626832962
1680270124552067717,,0.0,0.0,0.0,,-0.013506626710295677,0.005444739013910303,0.07672402262687683
1680270124566608646,,0.0,0.0,0.0,,-0.013575640507042408,0.005922547075897465,0.07762710005044937
1680270124582499541,,0.0,0.0,0.0,,-0.0135272815823555,0.005576886236667643,0.0787615031003952
1680270124599431444,,0.0,0.0,0.0,,-0.012786212377250195,0.006448332220315943,0.08046027272939682
1680270124613830518,,0.0,0.0,0.0,,-0.012957356870174408,0.006180220283567916,0.08149483054876328
1680270124632470876,,0.0,0.0,0.0,,-0.013914661481976509,0.0059568863362074,0.0836772695183754
1680270124649474883,,0.0,0.0,0.0,,-0.011745346710085869,0.006563070230185996,0.08465443551540375
1680270124664142049,,0.0,0.0,0.0,,-0.012138951569795609,0.006759859621524821,0.08660787343978882
1680270124681414718,,0.0,0.0,0.0,,-0.011268211528658867,0.007089089602231991,0.08873029053211212
1680270124697339456,,0.0,0.0,0.0,,-0.010223055258393288,0.006167466752231132,0.08964817970991135
1680270124712305992,,0.0,0.0,0.0,,-0.009704678319394588,0.005793461576104175,0.09184210002422333
1680270124725232271,,0.0,0.0,0.0,,-0.008432643488049507,0.0061495071277022475,0.09315478801727295
1680270124741369497,,0.0,0.0,0.0,,-0.007598321884870529,0.007320519536733639,0.09451163560152054
1680270124761952639,,0.0,0.0,0.0,,-0.006092404015362263,0.007544256281107676,0.09571205079555511
1680270124775630604,,0.0,0.0,0.0,,-0.0033403108827769756,0.008034987375140202,0.09600113332271576
1680270124791387890,,0.0,0.0,0.0,,-0.003432279685512185,0.008218914270401013,0.09773056209087372
1680270124812184912,,0.0,0.0,0.0,,-0.0015082389581948519,0.007948477752506745,0.09980146586894989
1680270124829168851,,0.0,0.0,0.0,,0.0009981479961425066,0.008520078845322144,0.10016023367643356
1680270124842678772,,0.0,0.0,0.0,,0.001399482600390911,0.008347479626536381,0.10034529864788055
1680270124863141379,,0.0,0.0,0.0,,0.0032803851645439863,0.008516399189829838,0.10119771957397461
1680270124877373951,,0.0,0.0,0.0,,0.0032077673822641373,0.008519227616488946,0.10244124382734299
1680270124895207591,,0.0,0.0,0.0,,0.005690607242286205,0.008181882090866578,0.1031603142619133
1680270124911463779,,0.0,0.0,0.0,,0.00835936889052391,0.008552294224500668,0.10370844602584839
1680270124931736711,,0.0,0.0,0.0,,0.00924299843609333,0.008464740589261067,0.10515867173671722
1680270124945264405,,0.0,0.0,0.0,,0.01075747050344944,0.008968912996351731,0.10620491206645966
1680270124965297228,,0.0,0.0,0.0,,0.0107355248183012,0.008341815322637572,0.10733899474143982
1680270124979614660,,0.0,0.0,0.0,,0.011831097304821014,0.008748498745262637,0.10899167507886887
1680270124993144969,,0.0,0.0,0.0,,0.01352151669561863,0.009550396353006377,0.10930082947015762
1680270125010992253,,0.0,0.0,0.0,,0.014286894351243973,0.008830741047859206,0.11085592955350876
1680270125031314196,,0.0,0.0,0.0,,0.01554337702691555,0.009905766695737853,0.11142679303884506
1680270125045272216,,0.0,0.0,0.0,,0.014914073050022125,0.010415714234113707,0.11287415772676468
1680270125062182267,,0.0,0.0,0.0,,0.014496028423309326,0.011524651199579253,0.1145794466137886
1680270125079219165,,0.0,0.0,0.0,,0.015392085537314415,0.012377183884382262,0.11530091613531113
1680270125093817302,,0.0,0.0,0.0,,0.014283212833106518,0.01273776683956386,0.11530984193086624
1680270125112517712,,0.0,0.0,0.0,,0.013966190628707409,0.014742044731974616,0.11717539280653
1680270125131214947,,0.0,0.0,0.0,,0.011828030459582806,0.015451791696250453,0.11765553802251816
1680270125144204304,,0.0,0.0,0.0,,0.011725777760148048,0.016420630738139166,0.11864040046930313
1680270125163066136,,0.0,0.0,0.0,,0.011054489761590958,0.01709491573274137,0.11921330541372299
1680270125177531404,,0.0,0.0,0.0,,0.011225004680454731,0.018250916153192534,0.11956209689378738
1680270125192583891,,0.0,0.0,0.0,,0.009332789108157158,0.019501214846968665,0.12024842202663422
1680270125210738730,,0.0,0.0,0.0,,0.0077985674142837524,0.020713564008474364,0.12214986234903336
1680270125225370861,,0.0,0.0,0.0,,0.007331007160246372,0.022094970569014563,0.12276771664619446
1680270125242901623,,0.0,0.0,0.0,,0.0060932934284210205,0.022926745936274542,0.12402224540710449
1680270125260680249,,0.0,0.0,0.0,,0.004816780332475901,0.023813426494598403,0.12408365309238434
1680270125273604795,,0.0,0.0,0.0,,0.005148319061845541,0.02518279664218427,0.1249399483203888
1680270125292369736,,0.0,0.0,0.0,,0.0018050074577331543,0.025783177465200438,0.1264820545911789
1680270125305974865,,0.0,0.0,0.0,,0.0015636358875781298,0.02571645006537439,0.12690599262714386
1680270125319834360,,0.0,0.0,0.0,,0.0009871332440525293,0.02645243145525457,0.12740874290466309
1680270125339439673,,0.0,0.0,0.0,,-0.0006201863288879395,0.0273676458746195,0.12785881757736206
1680270125354494013,,0.0,0.0,0.0,,-0.0013011957053095102,0.028362220153212565,0.12852001190185547
1680270125369498200,,0.0,0.0,0.0,,-0.001921765971928835,0.0291631016880274,0.12902981042861938
1680270125385504710,,0.0,0.0,0.0,,-0.004019732587039471,0.02881069481372835,0.1292390674352646
1680270125402068053,,0.0,0.0,0.0,,-0.004709449131041765,0.028558474034070986,0.13002195954322815
1680270125419607803,,0.0,0.0,0.0,,-0.006228310987353325,0.028116365894675272,0.13083821535110474
1680270125436241026,,0.0,0.0,0.0,,-0.006692986004054546,0.028593663126230257,0.13174237310886383
1680270125453542068,,0.0,0.0,0.0,,-0.007646409794688225,0.027617147192358988,0.13234281539916992
1680270125467032944,,0.0,0.0,0.0,,-0.008993405848741531,0.026081677526235598,0.1327328383922577
1680270125484170431,,0.0,0.0,0.0,,-0.009704174473881721,0.025420172140002268,0.13402076065540314
1680270125499521085,,0.0,0.0,0.0,,-0.011124465614557266,0.024770349264144915,0.134969562292099
1680270125514405287,,0.0,0.0,0.0,,-0.012504794634878635,0.023631468415260332,0.13576431572437286
1680270125531791338,,0.0,0.0,0.0,,-0.012076184153556824,0.022336158901453036,0.13645564019680023
1680270125549551209,,0.0,0.0,0.0,,-0.013587916269898415,0.021182015538215655,0.13802815973758698
1680270125565746113,,0.0,0.0,0.0,,-0.013871117495000362,0.020298728719353693,0.139208123087883
1680270125583179082,,0.0,0.0,0.0,,-0.013349638320505619,0.019034497439861315,0.1398838311433792
1680270125599495032,,0.0,0.0,0.0,,-0.014034408144652843,0.018012978136539477,0.14114707708358765
1680270125613689324,,0.0,0.0,0.0,,-0.013141876086592674,0.017024653032422083,0.1421668976545334
1680270125632401756,,0.0,0.0,0.0,,-0.012432856485247612,0.016055231913924235,0.1431216299533844
1680270125651837071,,0.0,0.0,0.0,,-0.01382709201425314,0.01565248146653177,0.14472696185112
1680270125670016587,,0.0,0.0,0.0,,-0.011529184877872467,0.014912521466612833,0.14567998051643372
1680270125683396535,,0.0,0.0,0.0,,-0.01110614463686943,0.013787636533379572,0.14622235298156738
1680270125701929752,,0.0,0.0,0.0,,-0.010236110538244247,0.013517018407583254,0.1470116376876831
1680270125716308649,,0.0,0.0,0.0,,-0.008903369307518005,0.012516265735030192,0.1480567753314972
1680270125733391914,,0.0,0.0,0.0,,-0.00920785777270794,0.01070172619074585,0.14875133335590363
1680270125754461315,,0.0,0.0,0.0,,-0.0073877964168787,0.011230070143938084,0.14884883165359497
1680270125770857105,,0.0,0.0,0.0,,-0.006288828793913126,0.01100959815084936,0.1487099677324295
1680270125785569014,,0.0,0.0,0.0,,-0.004785092081874609,0.010667739436030407,0.14953742921352386
1680270125804419165,,0.0,0.0,0.0,,-0.0034728653263300657,0.01008714735507967,0.1502949297428131
1680270125821016130,,0.0,0.0,0.0,,-0.003621639683842659,0.009609707631170769,0.1496594250202179
1680270125836021849,,0.0,0.0,0.0,,-0.0024123028852045536,0.010393393225967903,0.14924435317516327
1680270125856429403,,0.0,0.0,0.0,,-0.0024124206975102425,0.009687919169664402,0.1488329917192459
1680270125871790206,,0.0,0.0,0.0,,-0.002193138934671879,0.008385696448385735,0.14968739449977875
1680270125889749580,,0.0,0.0,0.0,,3.945198841392994e-05,0.009005842730402966,0.1499706208705902
1680270125905596833,,0.0,0.0,0.0,,-0.0002418931107968092,0.007784595713019389,0.1496465653181076
1680270125924362826,,0.0,0.0,0.0,,0.0003742638509720564,0.007789480499923247,0.15018555521965027
1680270125940012670,,0.0,0.0,0.0,,0.0013415692374110222,0.007320775650441665,0.15074600279331207
1680270125957863742,,0.0,0.0,0.0,,0.0009942261967808008,0.0074288123287260715,0.15153782069683075
1680270125971908613,,0.0,0.0,0.0,,0.0013752970844507217,0.007201625499874372,0.15197058022022247
1680270125989411503,,0.0,0.0,0.0,,0.0009009330533444881,0.006268216762691755,0.15293505787849426
1680270126007504458,,0.0,0.0,0.0,,0.0017014741897583008,0.007484340574592371,0.15356799960136414
1680270126024659327,,0.0,0.0,0.0,,0.0027425328735262156,0.00802758801728489,0.153878852725029
1680270126040108345,,0.0,0.0,0.0,,0.002791412640362978,0.008288954384624977,0.1541534811258316
1680270126057428894,,0.0,0.0,0.0,,0.0028661724645644426,0.008878258988261242,0.15434008836746216
1680270126074000703,,0.0,0.0,0.0,,0.0034123884979635477,0.01050693169236185,0.1547095626592636
1680270126089980173,,0.0,0.0,0.0,,0.0038781999610364437,0.011515181511640568,0.15547145903110504
1680270126106258964,,0.0,0.0,0.0,,0.004458863288164139,0.011634565889835377,0.15577872097492218
1680270126124438540,,0.0,0.0,0.0,,0.004392736591398716,0.012169447727501411,0.15657328069210052
1680270126140143697,,0.0,0.0,0.0,,0.005828063935041428,0.013721765018999596,0.1567298024892807
1680270126154628031,,0.0,0.0,0.0,,0.006076870486140251,0.014289621263742466,0.15696869790554047
1680270126171188849,,0.0,0.0,0.0,,0.0068882969208061695,0.015402882359921951,0.15723414719104767
1680270126189406286,,0.0,0.0,0.0,,0.005796081852167845,0.016411522403359434,0.15764065086841583
1680270126205636685,,0.0,0.0,0.0,,0.007156487554311752,0.017319366335868856,0.1576133817434311
1680270126221328628,,0.0,0.0,0.0,,0.007240756414830685,0.018634706735610983,0.15880639851093292
1680270126234818782,,0.0,0.0,0.0,,0.007060746196657419,0.019960984587669393,0.15894493460655212
1680270126254171753,,0.0,0.0,0.0,,0.006727271713316441,0.02034442126750948,0.1599506437778473
1680270126272042561,,0.0,0.0,0.0,,0.006481709890067577,0.020494990050792715,0.16067005693912506
1680270126285934387,,0.0,0.0,0.0,,0.007661177311092615,0.021929439157247564,0.16009312868118286
1680270126301514460,,0.0,0.0,0.0,,0.0072881560772657394,0.022820966318249723,0.16028766334056854
1680270126321696171,,0.0,0.0,0.0,,0.007654122076928616,0.02360552176833155,0.16008859872817993
1680270126337457604,,0.0,0.0,0.0,,0.007504707667976618,0.02416037954390051,0.1599428355693817
1680270126355513609,,0.0,0.0,0.0,,0.006862860172986984,0.025134272873401663,0.15967006981372833
1680270126371307873,,0.0,0.0,0.0,,0.005722043104469776,0.025740398094058058,0.15900856256484985
1680270126388730954,,0.0,0.0,0.0,,0.0063417330384254456,0.026401378214359304,0.15871916711330414
1680270126402346001,,0.0,0.0,0.0,,0.00539187528192997,0.026882437989115736,0.15831685066223145
1680270126416967642,,0.0,0.0,0.0,,0.004868538584560156,0.02736274152994158,0.15770462155342102
1680270126432720459,,0.0,0.0,0.0,,0.0038129938766360283,0.027159323915839216,0.15755431354045868
1680270126452143561,,0.0,0.0,0.0,,0.0028450340032577515,0.028047200292348883,0.15808577835559845
1680270126469085902,,0.0,0.0,0.0,,0.0035001994110643864,0.027653420343995115,0.15790675580501556
1680270126484539700,,0.0,0.0,0.0,,0.0018323112744838,0.027399661019444486,0.1579272598028183
1680270126499935438,,0.0,0.0,0.0,,0.000739281764253974,0.027397390455007574,0.15796683728694916
1680270126513788130,,0.0,0.0,0.0,,0.0016947246622294188,0.027676403522491476,0.15852299332618713
1680270126531054929,,0.0,0.0,0.0,,7.102102972567081e-05,0.02820550836622717,0.1590408980846405
1680270126546728938,,0.0,0.0,0.0,,0.0006725804414600134,0.02778390794992449,0.1599496603012085
1680270126565565273,,0.0,0.0,0.0,,-0.0004975448828190565,0.027600813657045385,0.16031765937805176
1680270126581598364,,0.0,0.0,0.0,,-0.001786525477655232,0.026861496269702932,0.16098667681217194
1680270126593676596,,0.0,0.0,0.0,,-0.0003907103091478348,0.02683101221919062,0.16058564186096191
1680270126613358803,,0.0,0.0,0.0,,-0.001506236963905394,0.026227103546261808,0.1609385907649994
1680270126631941683,,0.0,0.0,0.0,,-0.001066693221218884,0.02633475884795191,0.1603095680475235
1680270126652342815,,0.0,0.0,0.0,,-0.00027347891591489315,0.026835409924387953,0.1610068678855896
1680270126669548740,,0.0,0.0,0.0,,-0.0006132335402071476,0.026039421558380148,0.1606997549533844
1680270126684193102,,0.0,0.0,0.0,,-6.35441392660141e-06,0.02564101479947569,0.1611461639404297
1680270126703357310,,0.0,0.0,0.0,,-0.0009320436511188745,0.02506888657808306,0.16092579066753387
1680270126720691124,,0.0,0.0,0.0,,-0.0007056172471493483,0.02320696972310545,0.1614973545074463
1680270126735587719,,0.0,0.0,0.0,,-0.0006726256106048822,0.022194113582372686,0.16240426898002625
1680270126753600583,,0.0,0.0,0.0,,-0.0014832628658041358,0.021722879260778448,0.16246026754379272
1680270126769571919,,0.0,0.0,0.0,,-0.0008009946905076504,0.02073029987514021,0.16287311911582947
1680270126783267156,,0.0,0.0,0.0,,-0.0017063566483557224,0.020099107176065466,0.1637430191040039
1680270126800470145,,0.0,0.0,0.0,,-0.0008852076716721058,0.019951194524765035,0.16333657503128052
1680270126816354919,,0.0,0.0,0.0,,-0.0009696139022707939,0.0200332645326853,0.1630019098520279
1680270126832501983,,0.0,0.0,0.0,,-0.0023039039224386215,0.01911478489637377,0.16256216168403625
1680270126852457691,,0.0,0.0,0.0,,-0.0017943363636732101,0.018400220200419447,0.16264575719833374
1680270126869640552,,0.0,0.0,0.0,,-0.0020636729896068573,0.017388291656971,0.16227860748767853
1680270126884157378,,0.0,0.0,0.0,,-0.003334256587550044,0.017573637887835523,0.16267456114292145
1680270126901329729,,0.0,0.0,0.0,,-0.0023216716945171356,0.01731073297560217,0.16187210381031036
1680270126916073789,,0.0,0.0,0.0,,-0.0027948888018727303,0.017021000385284445,0.1608237326145172
1680270126931952020,,0.0,0.0,0.0,,-0.0032841144129633904,0.017017673701047918,0.16060924530029297
1680270126949604590,,0.0,0.0,0.0,,-0.0020222861785441637,0.016827423125505468,0.16005831956863403
1680270126963915981,,0.0,0.0,0.0,,-0.002467375947162509,0.016313310712575933,0.15935379266738892
1680270126981267638,,0.0,0.0,0.0,,-0.0017818172927945852,0.01607741415500643,0.15845851600170135
1680270126997469414,,0.0,0.0,0.0,,-0.0025211158208549023,0.015315239317715187,0.15867967903614044
1680270127012405132,,0.0,0.0,0.0,,-0.0018151303520426154,0.014989979565143604,0.1580575704574585
1680270127029184699,,0.0,0.0,0.0,,-0.001306933700107038,0.015273362398147602,0.15760739147663116
1680270127044416111,,0.0,0.0,0.0,,-0.001548655447550118,0.01546662300825121,0.15758562088012695
1680270127062841627,,0.0,0.0,0.0,,-0.0013543292880058289,0.015058889985084553,0.15702496469020844
1680270127078895957,,0.0,0.0,0.0,,5.640205927193165e-05,0.01551891118288042,0.1562999039888382
1680270127093475849,,0.0,0.0,0.0,,-0.0008979367557913065,0.015546506270766277,0.1564260572195053
1680270127112706101,,0.0,0.0,0.0,,-0.0009466293267905712,0.015217009931802769,0.1571362316608429
1680270127128636209,,0.0,0.0,0.0,,0.0001363868359476328,0.015188372693955917,0.1568429321050644
1680270127144519530,,0.0,0.0,0.0,,0.00021625100634992123,0.015041803009808083,0.15768742561340332
1680270127161637320,,0.0,0.0,0.0,,0.000892821466550231,0.015062014572322388,0.15787392854690552
1680270127176181335,,0.0,0.0,0.0,,0.0012025369796901941,0.014865467324852963,0.15826386213302612
1680270127191899867,,0.0,0.0,0.0,,0.0009936029091477394,0.015405009500682373,0.15892954170703888
1680270127211924305,,0.0,0.0,0.0,,0.002579111373052001,0.014555550180375595,0.16037502884864807
1680270127228549643,,0.0,0.0,0.0,,0.0027994068805128336,0.014625406824052353,0.16173313558101654
1680270127244380816,,0.0,0.0,0.0,,0.0029879724606871605,0.015121887437999268,0.1625613570213318
1680270127261917028,,0.0,0.0,0.0,,0.003190078306943178,0.014569775201380272,0.16280043125152588
1680270127277700021,,0.0,0.0,0.0,,0.003342422191053629,0.013546154834330101,0.16282504796981812
1680270127292316953,,0.0,0.0,0.0,,0.0034457948058843613,0.014013007283210775,0.16376559436321259
1680270127306480207,,0.0,0.0,0.0,,0.004368876107037067,0.014138253405690214,0.1642754077911377
1680270127325658390,,0.0,0.0,0.0,,0.003943109884858131,0.013610322028398535,0.1649949550628662
1680270127340152102,,0.0,0.0,0.0,,0.003983469679951668,0.013636388815939447,0.16493400931358337
1680270127358744209,,0.0,0.0,0.0,,0.004681780934333801,0.012587079778313658,0.16479571163654327
1680270127373126623,,0.0,0.0,0.0,,0.0039155930280685425,0.013359382748603842,0.16466853022575378
1680270127390796405,,0.0,0.0,0.0,,0.005240204744040966,0.014743618667125723,0.16468295454978943
1680270127404446017,,0.0,0.0,0.0,,0.004825915209949017,0.014286148361861727,0.1639135181903839
1680270127420297057,,0.0,0.0,0.0,,0.005268123000860214,0.014783203601837179,0.16394472122192383
1680270127436180318,,0.0,0.0,0.0,,0.005554806441068649,0.014902884140610716,0.1632472425699234
1680270127453515534,,0.0,0.0,0.0,,0.005010267719626427,0.014458043500781078,0.16271327435970306
1680270127472380172,,0.0,0.0,0.0,,0.005520692095160484,0.01594458520412447,0.1629389524459839
1680270127486281225,,0.0,0.0,0.0,,0.006394059397280216,0.016243409365415594,0.16255596280097961
1680270127504179113,,0.0,0.0,0.0,,0.004768683575093746,0.016734888777136823,0.16222462058067322
1680270127519017299,,0.0,0.0,0.0,,0.006047292612493038,0.016199784353375456,0.16227437555789948
1680270127532527501,,0.0,0.0,0.0,,0.00474906200543046,0.016880214214324972,0.16235584020614624
1680270127552938992,,0.0,0.0,0.0,,0.004090779926627874,0.016980091109871885,0.1621130257844925
1680270127570196382,,0.0,0.0,0.0,,0.004724872298538685,0.01739867776632311,0.16243530809879303
1680270127586241596,,0.0,0.0,0.0,,0.0030375304631888866,0.017603039741516134,0.16340239346027374
1680270127601752891,,0.0,0.0,0.0,,0.004002755507826805,0.017734363675117513,0.16331857442855835
1680270127620083449,,0.0,0.0,0.0,,0.003206924069672823,0.01809615083038809,0.16333474218845367
1680270127633847746,,0.0,0.0,0.0,,0.0022677690722048283,0.01762378215789797,0.1638077348470688
1680270127653408054,,0.0,0.0,0.0,,0.0033844346180558205,0.017557937651872656,0.16391028463840485
1680270127666802249,,0.0,0.0,0.0,,0.002992109628394246,0.018564047291874906,0.1644226759672165
1680270127681589479,,0.0,0.0,0.0,,0.0009227853734046221,0.018549026921391508,0.16491031646728516
1680270127693427222,,0.0,0.0,0.0,,0.0027155252173542976,0.019390566274523756,0.1660551130771637
1680270127709581680,,0.0,0.0,0.0,,0.002308611059561372,0.019230369478464147,0.16628435254096985
1680270127727017875,,0.0,0.0,0.0,,0.0020254410337656736,0.01928403601050379,0.16698113083839417
1680270127742070332,,0.0,0.0,0.0,,0.002007890259847045,0.019598720595240614,0.16754035651683807
1680270127761019017,,0.0,0.0,0.0,,0.0014002250973135233,0.01980242133140566,0.1682949960231781
1680270127773591264,,0.0,0.0,0.0,,0.0027782560791820288,0.020910585299134275,0.16879461705684662
1680270127792571047,,0.0,0.0,0.0,,0.001299581490457058,0.021915532648563406,0.16889937222003937
1680270127806875674,,0.0,0.0,0.0,,0.0006978909950703382,0.022559843957424185,0.16902847588062286
1680270127821566594,,0.0,0.0,0.0,,0.0012831760104745626,0.023381270468235037,0.16881461441516876
1680270127841640774,,0.0,0.0,0.0,,0.0013225399889051914,0.023864157497882864,0.17024877667427063
1680270127861615308,,0.0,0.0,0.0,,2.0534731447696686e-05,0.024752210825681707,0.17006000876426697
1680270127872542748,,0.0,0.0,0.0,,0.0010185164865106344,0.024455634877085707,0.16964206099510193
1680270127892609614,,0.0,0.0,0.0,,0.0013021014165133238,0.02478676661849024,0.1706794798374176
1680270127906179507,,0.0,0.0,0.0,,0.00043268012814223766,0.02492596022784712,0.1694490611553192
1680270127925831928,,0.0,0.0,0.0,,0.001046010060235858,0.025546135380864164,0.16966494917869568
1680270127944591829,,0.0,0.0,0.0,,0.0005456963554024696,0.024355858564376852,0.1697164922952652
1680270127961167906,,0.0,0.0,0.0,,0.0003144869115203619,0.025119923055171987,0.16987939178943634
1680270127973146923,,0.0,0.0,0.0,,0.0007176324725151062,0.025429872795939466,0.16970646381378174
1680270127993934197,,0.0,0.0,0.0,,-0.001154208555817604,0.024444082751870176,0.16982629895210266
1680270128012624428,,0.0,0.0,0.0,,-0.0006802966818213463,0.024342849850654623,0.16993695497512817
1680270128027547282,,0.0,0.0,0.0,,0.000626307912170887,0.024517113342881224,0.16954272985458374
1680270128041998063,,0.0,0.0,0.0,,0.0007653990760445595,0.023864619433879873,0.16972902417182922
1680270128062045162,,0.0,0.0,0.0,,0.000327930087223649,0.023728735744953176,0.16987530887126923
1680270128076674657,,0.0,0.0,0.0,,-0.0009790705516934395,0.023459743708372137,0.17015817761421204
1680270128092299895,,0.0,0.0,0.0,,-0.0008358873892575502,0.023135753348469755,0.16979223489761353
1680270128110969458,,0.0,0.0,0.0,,-0.0002080807462334633,0.022295450791716596,0.17075330018997192
1680270128129550294,,0.0,0.0,0.0,,-0.0019199126400053501,0.022700952365994474,0.1708882451057434
1680270128144218482,,0.0,0.0,0.0,,-0.0008773636072874069,0.022348538041114828,0.1703285276889801
1680270128164472578,,0.0,0.0,0.0,,4.011509008705616e-05,0.021070584654808065,0.17115439474582672
1680270128180341331,,0.0,0.0,0.0,,0.0001486621331423521,0.02071852982044222,0.17195793986320496
1680270128193468747,,0.0,0.0,0.0,,0.00020706327632069588,0.02111681178212168,0.17255738377571106
1680270128212594192,,0.0,0.0,0.0,,-0.000669614877551794,0.02078200876712801,0.17256978154182434
1680270128230060875,,0.0,0.0,0.0,,-0.000534094637259841,0.021563764661550543,0.17329593002796173
1680270128244688937,,0.0,0.0,0.0,,-0.00026021944358944893,0.020586429163813612,0.1745373159646988
1680270128263031939,,0.0,0.0,0.0,,0.00022476795129477978,0.020614208653569242,0.17548632621765137
1680270128279155358,,0.0,0.0,0.0,,0.0005340231582522392,0.02129160612821581,0.1762906312942505
1680270128293437624,,0.0,0.0,0.0,,0.0004705695901066065,0.02166883461177351,0.1775885969400406
1680270128311943129,,0.0,0.0,0.0,,0.0003511051181703806,0.022050511091947576,0.1770908385515213
1680270128328930996,,0.0,0.0,0.0,,0.0006330215837806463,0.02245929278433325,0.1779794543981552
1680270128344190299,,0.0,0.0,0.0,,0.0008397414349019527,0.02292652428150179,0.17821577191352844
1680270128361232898,,0.0,0.0,0.0,,-0.0006179858464747667,0.023163612931966802,0.1779201179742813
1680270128374238205,,0.0,0.0,0.0,,0.0010137064382433891,0.02363838441669943,0.17836518585681915
1680270128392714046,,0.0,0.0,0.0,,0.0008307492826133966,0.025251103565096876,0.17900915443897247
1680270128410727841,,0.0,0.0,0.0,,0.000992783810943365,0.025709865614771864,0.17809151113033295
1680270128426380450,,0.0,0.0,0.0,,0.0019701055716723204,0.025438979268074056,0.17788755893707275
1680270128441845218,,0.0,0.0,0.0,,0.0009219523053616285,0.026838183403015158,0.17760832607746124
1680270128460987655,,0.0,0.0,0.0,,0.0007960512302815914,0.027836905792355558,0.17712461948394775
1680270128474659860,,0.0,0.0,0.0,,-0.00011682440526783466,0.02772779017686846,0.1773521602153778
1680270128492089573,,0.0,0.0,0.0,,0.00148204923607409,0.027275994420051596,0.17732594907283783
1680270128506263146,,0.0,0.0,0.0,,0.001776316436007619,0.02749243937432768,0.17719748616218567
1680270128522577743,,0.0,0.0,0.0,,0.0008378946222364902,0.02757279947400095,0.17764027416706085
1680270128536356477,,0.0,0.0,0.0,,0.0010704270098358393,0.02829386480152609,0.17698931694030762
1680270128554156673,,0.0,0.0,0.0,,0.0028879751916974783,0.028670772910118124,0.17608405649662018
1680270128573507960,,0.0,0.0,0.0,,0.0011769800912588835,0.02728234976530077,0.17600873112678528
1680270128592243607,,0.0,0.0,0.0,,0.001898185582831502,0.027515416964888594,0.17426714301109314
1680270128606325928,,0.0,0.0,0.0,,0.0020246198400855064,0.02727581188082697,0.17393501102924347
1680270128624219580,,0.0,0.0,0.0,,0.0017528119497001171,0.026460032910108587,0.17351417243480682
1680270128639452934,,0.0,0.0,0.0,,0.002117943949997425,0.026214707642793676,0.17322658002376556
1680270128657008533,,0.0,0.0,0.0,,0.0020303528290241957,0.02558969706296923,0.1723260134458542
1680270128672485594,,0.0,0.0,0.0,,0.002416997915133834,0.024472983554005644,0.17123626172542572
1680270128691196263,,0.0,0.0,0.0,,0.001683264970779419,0.02381911315023901,0.1717042177915573
1680270128710587395,,0.0,0.0,0.0,,0.0023556228261440992,0.02319178543984892,0.1701073795557022
1680270128724405413,,0.0,0.0,0.0,,0.002378023462370038,0.02291739545762541,0.1694008857011795
1680270128741709771,,0.0,0.0,0.0,,0.003219600534066558,0.02235577441751959,0.1688939481973648
1680270128756477415,,0.0,0.0,0.0,,0.004003902897238731,0.02302793972194197,0.1664903610944748
1680270128772479718,,0.0,0.0,0.0,,0.0012330084573477507,0.02098868787288668,0.16508550941944122
1680270128792405079,,0.0,0.0,0.0,,0.006266092881560326,0.020887220278382322,0.16383683681488037
1680270128804136293,,0.0,0.0,0.0,,0.003173948498442769,0.018543176352977774,0.1636776626110077
1680270128818923604,,0.0,0.0,0.0,,0.005873882211744785,0.018010817468166372,0.16286838054656982
1680270128833408979,,0.0,0.0,0.0,,0.006429255940020084,0.016999978572130224,0.1634739190340042
1680270128853103028,,0.0,0.0,0.0,,0.005247397813946009,0.015000916086137316,0.164117693901062
1680270128866262624,,0.0,0.0,0.0,,0.006752628833055496,0.01518982555717232,0.16430352628231049
1680270128883823112,,0.0,0.0,0.0,,0.0051934802904725075,0.014064274728298208,0.16428136825561523
1680270128901006053,,0.0,0.0,0.0,,0.007627316750586033,0.01383693516254427,0.16289038956165314
1680270128914288409,,0.0,0.0,0.0,,0.007765328511595726,0.014094986021518728,0.1629306823015213
1680270128929328392,,0.0,0.0,0.0,,0.006947061978280544,0.01367667317390444,0.16323070228099823
1680270128948479405,,0.0,0.0,0.0,,0.008993109688162804,0.013295983895659468,0.16361193358898163
1680270128963916521,,0.0,0.0,0.0,,0.008830673061311245,0.013513672165572664,0.16353197395801544
1680270128979018731,,0.0,0.0,0.0,,0.007806381676346064,0.012419854290783426,0.1643180549144745
1680270128996461368,,0.0,0.0,0.0,,0.011244002729654312,0.013255208730697653,0.16418449580669403
1680270129014067882,,0.0,0.0,0.0,,0.009520669467747211,0.013473601080477259,0.16541360318660736
1680270129031356241,,0.0,0.0,0.0,,0.010571787133812904,0.01478982437402012,0.16679228842258453
1680270129048895599,,0.0,0.0,0.0,,0.008359949104487896,0.015173079445958158,0.16803957521915436
1680270129065729368,,0.0,0.0,0.0,,0.007658366113901138,0.015466726385056993,0.1686507910490036
1680270129084210047,,0.0,0.0,0.0,,0.008550270460546017,0.016229933127760908,0.1698138266801834
1680270129100896730,,0.0,0.0,0.0,,0.0050936476327478886,0.016529442742466947,0.1698920577764511
1680270129116487784,,0.0,0.0,0.0,,0.005451553501188755,0.017498727887868902,0.17066656053066254
1680270129133087445,,0.0,0.0,0.0,,0.004055811557918787,0.019745761528611204,0.17132779955863953
1680270129156009862,,0.0,0.0,0.0,,2.643326297402382e-05,0.019279463216662428,0.1712176352739334
1680270129172027394,,0.0,0.0,0.0,,0.0020732192788273096,0.021122895181179067,0.17152652144432068
1680270129186359843,,0.0,0.0,0.0,,-0.0006403373554348946,0.02235606871545317,0.17111212015151978
1680270129204675764,,0.0,0.0,0.0,,-0.0017964105354622006,0.023620964959263822,0.1714722216129303
1680270129221550389,,0.0,0.0,0.0,,-0.0006152598652988672,0.025321658700704595,0.17086848616600037
1680270129235771721,,0.0,0.0,0.0,,-0.005370036233216524,0.02605486661195757,0.17048047482967377
1680270129254978418,,0.0,0.0,0.0,,-0.004027436021715403,0.02728406898677351,0.17120057344436646
1680270129269304806,,0.0,0.0,0.0,,-0.006109636276960373,0.027306325733661672,0.17205041646957397
1680270129285165484,,0.0,0.0,0.0,,-0.0056257592514157295,0.02851483039557936,0.17227965593338013
1680270129304471016,,0.0,0.0,0.0,,-0.004357566125690937,0.029216242954134962,0.17312265932559967
1680270129321834716,,0.0,0.0,0.0,,-0.006945449393242598,0.028420481830835363,0.17425888776779175
1680270129336356380,,0.0,0.0,0.0,,-0.00583566352725029,0.02853168547153475,0.17569471895694733
1680270129356614714,,0.0,0.0,0.0,,-0.005706235766410828,0.028090665116906187,0.17649585008621216
1680270129371129044,,0.0,0.0,0.0,,-0.0071761105209589005,0.027754157781600973,0.17672507464885712
1680270129385678409,,0.0,0.0,0.0,,-0.004559217020869255,0.028071857988834402,0.17740505933761597
1680270129402022141,,0.0,0.0,0.0,,-0.006063797511160374,0.027427222579717657,0.17842762172222137
1680270129416327180,,0.0,0.0,0.0,,-0.004909444600343704,0.02660602331161501,0.17919737100601196
1680270129432455930,,0.0,0.0,0.0,,-0.004842489957809448,0.027065301313996336,0.17883391678333282
1680270129449765798,,0.0,0.0,0.0,,-0.005270631052553654,0.027148397639393827,0.17993375658988953
1680270129465766429,,0.0,0.0,0.0,,-0.002410300774499774,0.026473890990018865,0.1788519322872162
1680270129481562997,,0.0,0.0,0.0,,-0.004659256432205439,0.026622386649251005,0.1800326257944107
1680270129493881439,,0.0,0.0,0.0,,-0.003552258713170886,0.027591252699494383,0.17982447147369385
1680270129511502330,,0.0,0.0,0.0,,-0.0047492822632193565,0.026746183633804342,0.17904022336006165
1680270129529706812,,0.0,0.0,0.0,,-0.003422148758545518,0.027215318754315397,0.17802084982395172
1680270129542963760,,0.0,0.0,0.0,,-0.002623364794999361,0.026675716042518637,0.1777956336736679
1680270129560873902,,0.0,0.0,0.0,,-0.0033260337077081203,0.027047893032431623,0.1775660514831543
1680270129573270490,,0.0,0.0,0.0,,-0.0015920426230877638,0.027614466845989248,0.17633342742919922
1680270129592472448,,0.0,0.0,0.0,,-0.0038783964700996876,0.027117937803268453,0.17558647692203522
1680270129612512644,,0.0,0.0,0.0,,-0.0018318439833819866,0.026382600888609907,0.17445532977581024
1680270129628863620,,0.0,0.0,0.0,,-0.002342310268431902,0.025334222242236158,0.1735514998435974
1680270129644348585,,0.0,0.0,0.0,,-0.0024206845555454493,0.025239182636141798,0.17346090078353882
1680270129661354445,,0.0,0.0,0.0,,-0.002469402039423585,0.02569880895316603,0.1718263477087021
1680270129675757707,,0.0,0.0,0.0,,-0.001649778801947832,0.024810295552015325,0.17153508961200714
1680270129692002454,,0.0,0.0,0.0,,-0.0013175602070987225,0.024925047531723997,0.17120306193828583
1680270129710988358,,0.0,0.0,0.0,,-0.0006226545665413141,0.024689024314284345,0.169902503490448
1680270129725486077,,0.0,0.0,0.0,,-0.0022152296733111143,0.02299851179122927,0.16883142292499542
1680270129742372644,,0.0,0.0,0.0,,0.0017277405131608248,0.02278888225555422,0.16768001019954681
1680270129761203318,,0.0,0.0,0.0,,-0.00049962243065238,0.02046342194080355,0.1672184318304062
1680270129778253512,,0.0,0.0,0.0,,0.0007322046440094709,0.020112568512558958,0.16762153804302216
1680270129793859804,,0.0,0.0,0.0,,0.0004649972543120384,0.0189129561185837,0.16762539744377136
1680270129811974949,,0.0,0.0,0.0,,0.0015337648801505566,0.017498109489679357,0.168291375041008
1680270129825275949,,0.0,0.0,0.0,,0.0014708561357110739,0.01653726026415827,0.1690557301044464
1680270129841067408,,0.0,0.0,0.0,,-0.0005349949933588505,0.014684084802866003,0.16938725113868713
1680270129858433162,,0.0,0.0,0.0,,0.0014306020457297564,0.014642706140875837,0.16900987923145294
1680270129873638314,,0.0,0.0,0.0,,0.00353547977283597,0.013273241929709932,0.16993282735347748
1680270129890390950,,0.0,0.0,0.0,,0.001011393964290619,0.012297898530960104,0.1705245077610016
1680270129905782642,,0.0,0.0,0.0,,0.0004187056329101324,0.011379607021808645,0.17065665125846863
1680270129924647589,,0.0,0.0,0.0,,0.0026469798758625984,0.01024845987558367,0.17145639657974243
1680270129939776339,,0.0,0.0,0.0,,0.0032937757205218077,0.00943756103515627,0.17219628393650055
1680270129959072113,,0.0,0.0,0.0,,0.0015068196225911379,0.007982442155480406,0.17279388010501862
1680270129973393692,,0.0,0.0,0.0,,0.0015363809652626514,0.008148457854986212,0.1731644868850708
1680270129993403772,,0.0,0.0,0.0,,0.0049308850429952145,0.008607356809079668,0.1731743961572647
1680270130012761772,,0.0,0.0,0.0,,0.0020543639548122883,0.00681042578071358,0.17360161244869232
1680270130029784965,,0.0,0.0,0.0,,0.0019235003273934126,0.006676137913018486,0.17320039868354797
1680270130044207212,,0.0,0.0,0.0,,0.002260182984173298,0.006741357035934946,0.17283864319324493
1680270130062253378,,0.0,0.0,0.0,,0.0034959577023983,0.007382365874946138,0.17295534908771515
1680270130075073299,,0.0,0.0,0.0,,0.004034887067973614,0.006847610697150251,0.17342594265937805
1680270130092770482,,0.0,0.0,0.0,,0.002853481564670801,0.007480405271053336,0.17394419014453888
1680270130111287068,,0.0,0.0,0.0,,0.003934015054255724,0.007775492500513814,0.1740613728761673
1680270130129593762,,0.0,0.0,0.0,,0.0033197803422808647,0.007483371533453486,0.1747209131717682
1680270130143777974,,0.0,0.0,0.0,,0.002230979735031724,0.008385208435356638,0.17506808042526245
1680270130161339053,,0.0,0.0,0.0,,0.003611071966588497,0.00952517893165352,0.17512111365795135
1680270130176269431,,0.0,0.0,0.0,,0.004397798795253038,0.01070310827344658,0.17594683170318604
1680270130194041675,,0.0,0.0,0.0,,0.0035057291388511658,0.010859675705432913,0.17565417289733887
1680270130212789795,,0.0,0.0,0.0,,0.004887566901743412,0.012690017931163332,0.1758164018392563
1680270130226035522,,0.0,0.0,0.0,,0.0038398089818656445,0.013709023594856283,0.175948366522789
1680270130244355300,,0.0,0.0,0.0,,0.0046638911589980125,0.016183445230126402,0.17621064186096191
1680270130258278794,,0.0,0.0,0.0,,0.003438937710598111,0.017256660386919996,0.17666134238243103
1680270130272926363,,0.0,0.0,0.0,,0.004470082465559244,0.018530366942286512,0.176957905292511
1680270130289957981,,0.0,0.0,0.0,,0.005765380337834358,0.021072139963507673,0.17662394046783447
1680270130305419263,,0.0,0.0,0.0,,0.004744445905089378,0.021994955837726614,0.17721079289913177
1680270130324392914,,0.0,0.0,0.0,,0.004259497858583927,0.023355776444077513,0.1779685616493225
1680270130336655221,,0.0,0.0,0.0,,0.0035978974774479866,0.024887923151254675,0.1787811517715454
1680270130360445843,,0.0,0.0,0.0,,0.004853366874158382,0.027501966804265997,0.17939268052577972
1680270130374048658,,0.0,0.0,0.0,,0.004898935090750456,0.028033226728439352,0.1801033616065979
1680270130389370328,,0.0,0.0,0.0,,0.004714964888989925,0.029400559142231962,0.18028093874454498
1680270130405340732,,0.0,0.0,0.0,,0.00555054098367691,0.0307706128805876,0.18068827688694
1680270130421551404,,0.0,0.0,0.0,,0.005664348602294922,0.031472187489271185,0.18097154796123505
1680270130440766598,,0.0,0.0,0.0,,0.003999155014753342,0.03235695883631708,0.1816822737455368
1680270130458265961,,0.0,0.0,0.0,,0.0036908918991684914,0.033262867480516455,0.1826392561197281
1680270130473578063,,0.0,0.0,0.0,,0.004978482611477375,0.033934496343135855,0.1821470856666565
1680270130491618058,,0.0,0.0,0.0,,0.004198001231998205,0.03553396835923197,0.1829076111316681
1680270130510880840,,0.0,0.0,0.0,,0.004213827662169933,0.03573253005743029,0.18264105916023254
1680270130525787994,,0.0,0.0,0.0,,0.0013014650903642178,0.03670423850417139,0.1827055662870407
1680270130541139019,,0.0,0.0,0.0,,0.00325215607881546,0.03726206719875338,0.18240059912204742
1680270130561864947,,0.0,0.0,0.0,,0.0020327011588960886,0.036786027252674124,0.18141436576843262
1680270130573479313,,0.0,0.0,0.0,,0.0014229067601263523,0.035926375538110754,0.18078169226646423
1680270130594187338,,0.0,0.0,0.0,,0.001257802126929164,0.03657968342304232,0.17989851534366608
1680270130613053789,,0.0,0.0,0.0,,0.002182130003347993,0.03574015572667124,0.17908917367458344
1680270130625850586,,0.0,0.0,0.0,,0.0006814922671765089,0.03474613279104235,0.17880010604858398
1680270130641947817,,0.0,0.0,0.0,,-0.0010108855785802007,0.0332709923386574,0.1781807541847229
1680270130660165724,,0.0,0.0,0.0,,5.522533319890499e-05,0.03331679105758669,0.17820942401885986
1680270130673153779,,0.0,0.0,0.0,,0.0006029936484992504,0.032327502965927145,0.17786504328250885
1680270130689187250,,0.0,0.0,0.0,,-0.0006339352112263441,0.03069955110549929,0.17744210362434387
1680270130704854197,,0.0,0.0,0.0,,-0.0003612020518630743,0.029546339064836523,0.17791497707366943
1680270130724455672,,0.0,0.0,0.0,,-0.0011602395679801702,0.027961749583482763,0.1775592416524887
1680270130739660834,,0.0,0.0,0.0,,-0.003250364912673831,0.02597772330045702,0.17818431556224823
1680270130757173773,,0.0,0.0,0.0,,-0.0016320215072482824,0.025476861745119116,0.17929169535636902
1680270130773429440,,0.0,0.0,0.0,,-0.0034077444579452276,0.024141918867826483,0.17963263392448425
1680270130790596102,,0.0,0.0,0.0,,-0.0033891848288476467,0.023480113595724127,0.18096929788589478
1680270130810036095,,0.0,0.0,0.0,,-0.0042862845584750175,0.021608227863907835,0.18199896812438965
1680270130824370228,,0.0,0.0,0.0,,-0.004822693765163422,0.020989781245589277,0.18325664103031158
1680270130841380336,,0.0,0.0,0.0,,-0.0037685553543269634,0.01986507698893549,0.1837615817785263
1680270130858752171,,0.0,0.0,0.0,,-0.0056633492931723595,0.01944178901612761,0.18614734709262848
1680270130875038846,,0.0,0.0,0.0,,-0.004462524317204952,0.019059631973505044,0.1866925209760666
1680270130892576551,,0.0,0.0,0.0,,-0.004676693584769964,0.018378674983978296,0.1875607818365097
1680270130910595988,,0.0,0.0,0.0,,-0.004747152328491211,0.016924802213907266,0.1882672905921936
1680270130924755915,,0.0,0.0,0.0,,-0.005990513600409031,0.01664924062788489,0.18888723850250244
1680270130939980443,,0.0,0.0,0.0,,-0.005462720524519682,0.015593155287206195,0.18829268217086792
1680270130959848307,,0.0,0.0,0.0,,-0.005207054316997528,0.015135332942008995,0.1877206414937973
1680270130973422368,,0.0,0.0,0.0,,-0.004489466082304716,0.01425582077354195,0.18682736158370972
1680270130991085046,,0.0,0.0,0.0,,-0.004969632253050804,0.013386460952460788,0.18666689097881317
1680270131009944765,,0.0,0.0,0.0,,-0.00573018379509449,0.012408286333084129,0.18465262651443481
1680270131025859785,,0.0,0.0,0.0,,-0.004971545655280352,0.01148792635649445,0.1844082772731781
1680270131041935836,,0.0,0.0,0.0,,-0.0022330950014293194,0.01065915357321503,0.18270988762378693
1680270131056791804,,0.0,0.0,0.0,,-0.0055855135433375835,0.009117619134485744,0.18228811025619507
1680270131072753471,,0.0,0.0,0.0,,-0.005299877375364304,0.007660287432372593,0.18146106600761414
1680270131089487894,,0.0,0.0,0.0,,-0.005368094891309738,0.006923455744981787,0.1800704002380371
1680270131105726078,,0.0,0.0,0.0,,-0.0016341560985893011,0.006130887195467971,0.178965762257576
1680270131121837135,,0.0,0.0,0.0,,-0.0020733503624796867,0.005278995726257584,0.17914898693561554
1680270131135391369,,0.0,0.0,0.0,,-0.0038044373504817486,0.003934709820896409,0.17910805344581604
1680270131154078514,,0.0,0.0,0.0,,0.0012458253186196089,0.00404453417286279,0.17895722389221191
1680270131170795023,,0.0,0.0,0.0,,-0.0014923519920557737,0.002328333677724026,0.17918559908866882
1680270131190819420,,0.0,0.0,0.0,,-6.38056080788374e-05,0.0017467376310378534,0.18057867884635925
1680270131204070376,,0.0,0.0,0.0,,0.003803216153755784,0.0023767109960317833,0.18189898133277893
1680270131219620684,,0.0,0.0,0.0,,0.0034717360977083445,0.0023212791420519577,0.1825631856918335
1680270131234110257,,0.0,0.0,0.0,,0.0047219982370734215,0.0032744498457759844,0.18323735892772675
1680270131253427161,,0.0,0.0,0.0,,0.0068922387436032295,0.0025987029075622784,0.18429075181484222
1680270131269742359,,0.0,0.0,0.0,,0.006142853759229183,0.0042145308107137906,0.18543492257595062
1680270131286898160,,0.0,0.0,0.0,,0.00846751220524311,0.0058598183095455395,0.18625836074352264
1680270131305022713,,0.0,0.0,0.0,,0.0069713713601231575,0.006434152368456149,0.18806491792201996
1680270131322325308,,0.0,0.0,0.0,,0.009153768420219421,0.00750027317553761,0.18882782757282257
1680270131334264862,,0.0,0.0,0.0,,0.009632119908928871,0.009364127181470417,0.18896357715129852
1680270131354333872,,0.0,0.0,0.0,,0.007793552707880735,0.010966359637677692,0.18969014286994934
1680270131370345773,,0.0,0.0,0.0,,0.01062015164643526,0.013294633477926277,0.19071230292320251
1680270131386940444,,0.0,0.0,0.0,,0.009667959064245224,0.01478444226086142,0.19052153825759888
1680270131401440928,,0.0,0.0,0.0,,0.009876084513962269,0.017337808385491395,0.1913035660982132
1680270131419177124,,0.0,0.0,0.0,,0.01075804978609085,0.020427927374839807,0.19125255942344666
1680270131434004259,,0.0,0.0,0.0,,0.008753332309424877,0.02261930145323279,0.19120194017887115
1680270131452126257,,0.0,0.0,0.0,,0.011093925684690475,0.02455244027078154,0.19079937040805817
1680270131466274041,,0.0,0.0,0.0,,0.010878100991249084,0.026726175099611307,0.1904236078262329
1680270131484892218,,0.0,0.0,0.0,,0.008653111755847931,0.028275474905967737,0.18983754515647888
1680270131502277598,,0.0,0.0,0.0,,0.008967552334070206,0.030394081026315713,0.18967191874980927
1680270131516221099,,0.0,0.0,0.0,,0.008945213630795479,0.033084705471992513,0.189658060669899
1680270131533029500,,0.0,0.0,0.0,,0.00926914345473051,0.034096892923116705,0.18909496068954468
1680270131554290560,,0.0,0.0,0.0,,0.009484277106821537,0.03613179922103884,0.18857845664024353
1680270131573958530,,0.0,0.0,0.0,,0.0075315916910767555,0.03824444115161898,0.1876707822084427
1680270131591435031,,0.0,0.0,0.0,,0.007984081283211708,0.04005078598856928,0.18572348356246948
1680270131606567928,,0.0,0.0,0.0,,0.0076000443659722805,0.0412871800363064,0.1846354603767395
1680270131624165665,,0.0,0.0,0.0,,0.0066322702914476395,0.04079611599445345,0.18281538784503937
1680270131640185561,,0.0,0.0,0.0,,0.008432798087596893,0.04208690673112871,0.18189291656017303
1680270131654640390,,0.0,0.0,0.0,,0.004223997704684734,0.04157222807407381,0.18219192326068878
1680270131672470432,,0.0,0.0,0.0,,0.005529419519007206,0.04223126918077471,0.181601881980896
1680270131686223909,,0.0,0.0,0.0,,0.0046139126643538475,0.042369797825813314,0.18118466436862946
1680270131704430565,,0.0,0.0,0.0,,0.0024979645386338234,0.042301323264837286,0.18165765702724457
1680270131721191928,,0.0,0.0,0.0,,0.0028796151746064425,0.04302492365241053,0.18187908828258514
1680270131733267756,,0.0,0.0,0.0,,0.001681499881669879,0.04171113297343256,0.1818433701992035
1680270131753105814,,0.0,0.0,0.0,,0.003954457119107246,0.0423395596444607,0.1811901032924652
1680270131769306499,,0.0,0.0,0.0,,0.0018874665256589651,0.04102203994989397,0.18012577295303345
1680270131783902882,,0.0,0.0,0.0,,-0.0028774989768862724,0.0382337234914303,0.18076550960540771
1680270131797908620,,0.0,0.0,0.0,,-6.925687193870544e-05,0.037545524537563345,0.18182407319545746
1680270131816778958,,0.0,0.0,0.0,,0.0014590793289244175,0.03658421337604525,0.18225447833538055
1680270131833202589,,0.0,0.0,0.0,,0.001801478210836649,0.03516722097992899,0.182207852602005
1680270131852057138,,0.0,0.0,0.0,,-0.004569907207041979,0.03262780234217646,0.1827726662158966
1680270131870079579,,0.0,0.0,0.0,,-0.0014766352251172066,0.030718412250280405,0.1842816025018692
1680270131883342759,,0.0,0.0,0.0,,0.002718001138418913,0.029709754511714006,0.18482622504234314
1680270131902457764,,0.0,0.0,0.0,,-0.0046478030271828175,0.02588945627212527,0.1862257570028305
1680270131915724350,,0.0,0.0,0.0,,-0.00463545136153698,0.024434456601738954,0.1869262009859085
1680270131932717757,,0.0,0.0,0.0,,-0.002734861336648464,0.022564750164747262,0.18700233101844788
1680270131952904117,,0.0,0.0,0.0,,-0.0021054905373603106,0.021189687773585344,0.18818558752536774
1680270131969286671,,0.0,0.0,0.0,,-0.004291114397346973,0.018242724239826227,0.18867012858390808
1680270131985019800,,0.0,0.0,0.0,,-0.006932330317795277,0.017069110646843935,0.18880914151668549
1680270131999457216,,0.0,0.0,0.0,,-0.003262489102780819,0.01569793373346331,0.18897302448749542
1680270132014197659,,0.0,0.0,0.0,,-0.003473518881946802,0.013558212667703651,0.1887260526418686
1680270132031421417,,0.0,0.0,0.0,,-0.004637907259166241,0.011262755841016792,0.18903382122516632
1680270132046456961,,0.0,0.0,0.0,,-0.007132523227483034,0.010235172696411632,0.18847985565662384
1680270132061278666,,0.0,0.0,0.0,,-0.006727330852299929,0.009182877838611625,0.18817248940467834
1680270132078636465,,0.0,0.0,0.0,,-0.005536351352930069,0.007615407928824448,0.18788886070251465
1680270132094408958,,0.0,0.0,0.0,,-0.006916385143995285,0.005559133365750336,0.18778099119663239
1680270132110163107,,0.0,0.0,0.0,,-0.007977609522640705,0.005287921987473987,0.18767040967941284
1680270132128914773,,0.0,0.0,0.0,,-0.006574866361916065,0.004564263857901119,0.18673580884933472
1680270132143587940,,0.0,0.0,0.0,,-0.0075935618951916695,0.00336155132390561,0.18656927347183228
1680270132162659033,,0.0,0.0,0.0,,-0.00744581688195467,0.0025630327872932187,0.18635466694831848
1680270132176957840,,0.0,0.0,0.0,,-0.008829746395349503,0.0031359877903014647,0.18507857620716095
1680270132194110615,,0.0,0.0,0.0,,-0.009054833091795444,0.002712166635319613,0.18522565066814423
1680270132210897466,,0.0,0.0,0.0,,-0.009273840114474297,0.0027800789102912175,0.18520161509513855
1680270132229307503,,0.0,0.0,0.0,,-0.009799618273973465,0.004048245027661346,0.18417897820472717
1680270132244684426,,0.0,0.0,0.0,,-0.007946409285068512,0.002785194898024224,0.18503254652023315
1680270132262746081,,0.0,0.0,0.0,,-0.00896719004958868,0.003963341470807813,0.18625912070274353
1680270132275814987,,0.0,0.0,0.0,,-0.00728374719619751,0.004918258637189888,0.18614359200000763
1680270132291413495,,0.0,0.0,0.0,,-0.008288053795695305,0.005328223109245323,0.1867782324552536
1680270132309580267,,0.0,0.0,0.0,,-0.005240754224359989,0.00827677454799416,0.1870899200439453
1680270132326356658,,0.0,0.0,0.0,,-0.009731395170092583,0.008241708390414737,0.1890338957309723
1680270132344846794,,0.0,0.0,0.0,,-0.007171048782765865,0.009670507162809394,0.1899254322052002
1680270132362565188,,0.0,0.0,0.0,,-0.005858040414750576,0.010922906920313858,0.19120894372463226
1680270132374837914,,0.0,0.0,0.0,,-0.005111773498356342,0.01175255794078114,0.19188721477985382
1680270132393078384,,0.0,0.0,0.0,,-0.004861477762460709,0.01485009584575894,0.19201576709747314
1680270132411594509,,0.0,0.0,0.0,,-0.005609023850411177,0.015443498268723512,0.19406931102275848
1680270132425691498,,0.0,0.0,0.0,,-0.001461670151911676,0.017249217256903673,0.1937493532896042
1680270132445105523,,0.0,0.0,0.0,,-0.0020031221210956573,0.018139669671654726,0.19514654576778412
1680270132458739506,,0.0,0.0,0.0,,-0.0051185330376029015,0.0187223516404629,0.19527371227741241
1680270132473314510,,0.0,0.0,0.0,,-0.0008704031351953745,0.020574174821376825,0.19450314342975616
1680270132492874287,,0.0,0.0,0.0,,0.0012762120459228754,0.02152848988771441,0.1945578157901764
1680270132508845712,,0.0,0.0,0.0,,0.0022985206451267004,0.022823009639978433,0.19499512016773224
1680270132526279193,,0.0,0.0,0.0,,0.00153978425078094,0.02439970895648005,0.19463424384593964
1680270132542485417,,0.0,0.0,0.0,,0.0026162327267229557,0.025020631030201936,0.19366087019443512
1680270132560333663,,0.0,0.0,0.0,,0.006407692097127438,0.028484938666224504,0.19288724660873413
1680270132575934765,,0.0,0.0,0.0,,0.0029490794986486435,0.02941623888909819,0.19202880561351776
1680270132594675982,,0.0,0.0,0.0,,0.012370658107101917,0.03503199666738512,0.18658672273159027
1680270132613497939,,0.0,0.0,0.0,,0.003933056723326445,0.036253154277801534,0.1815555989742279
1680270132631364871,,0.0,0.0,0.0,,0.012312768027186394,0.0386859327554703,0.17660750448703766
1680270132646270392,,0.0,0.0,0.0,,0.010530984029173851,0.03878540173172953,0.17230692505836487
1680270132663329251,,0.0,0.0,0.0,,0.012865932658314705,0.04272356256842615,0.16641412675380707
1680270132678885360,,0.0,0.0,0.0,,0.017633190378546715,0.04319855198264124,0.16069135069847107
1680270132693132259,,0.0,0.0,0.0,,0.013842598535120487,0.043578028678894064,0.1554671972990036
1680270132712601468,,0.0,0.0,0.0,,0.01716928370296955,0.04424890875816347,0.14908409118652344
1680270132728571300,,0.0,0.0,0.0,,0.019742604345083237,0.04499639943242075,0.14192846417427063
1680270132744221795,,0.0,0.0,0.0,,0.018042342737317085,0.04429186135530473,0.1378680020570755
1680270132762865148,,0.0,0.0,0.0,,0.018039656803011894,0.04264657571911813,0.1337415724992752
1680270132779806538,,0.0,0.0,0.0,,0.018555790185928345,0.04155587032437326,0.13054266571998596
1680270132793159535,,0.0,0.0,0.0,,0.019255928695201874,0.04035720601677896,0.12727172672748566
1680270132811252740,,0.0,0.0,0.0,,0.01939043402671814,0.0387832708656788,0.12353183329105377
1680270132828052965,,0.0,0.0,0.0,,0.016553912311792374,0.03642242401838304,0.12022069841623306
1680270132843010033,,0.0,0.0,0.0,,0.019148483872413635,0.03439055383205415,0.1169862449169159
1680270132861005274,,0.0,0.0,0.0,,0.018719756975769997,0.03255195543169977,0.11376719176769257
1680270132873402494,,0.0,0.0,0.0,,0.01642157882452011,0.029613992199301734,0.11112865060567856
1680270132889089356,,0.0,0.0,0.0,,0.015717336907982826,0.027560299262404456,0.10943963378667831
1680270132903127054,,0.0,0.0,0.0,,0.015594802796840668,0.025655468925833716,0.10766062140464783
1680270132921262758,,0.0,0.0,0.0,,0.0142634566873312,0.023578073829412474,0.10318480432033539
1680270132936097928,,0.0,0.0,0.0,,0.00862988829612732,0.018779298290610327,0.09960401058197021
1680270132953303883,,0.0,0.0,0.0,,0.016849875450134277,0.017401885241270076,0.09593041986227036
1680270132971273927,,0.0,0.0,0.0,,0.008614609017968178,0.012313150800764571,0.09173431247472763
1680270132985845694,,0.0,0.0,0.0,,0.004071743227541447,0.007870965637266646,0.08816833794116974
1680270133001094357,,0.0,0.0,0.0,,0.012543060816824436,0.006546833086758862,0.08320456743240356
1680270133018343392,,0.0,0.0,0.0,,0.007927639409899712,0.0020862594246864414,0.07929393649101257
1680270133033795035,,0.0,0.0,0.0,,0.005224041640758514,-0.0017833646852522995,0.07575509697198868
1680270133052974030,,0.0,0.0,0.0,,0.007370553445070982,-0.004317534156143657,0.07111457735300064
1680270133067221571,,0.0,0.0,0.0,,0.0034800092689692974,-0.00851469673216342,0.06847234070301056
1680270133082766919,,0.0,0.0,0.0,,0.005839060992002487,-0.010282687842845908,0.06491892039775848
1680270133101396577,,0.0,0.0,0.0,,0.0032387387473136187,-0.012622335925698273,0.06186166778206825
1680270133116854903,,0.0,0.0,0.0,,-0.0023049754090607166,-0.01556755788624286,0.06026379019021988
1680270133132410580,,0.0,0.0,0.0,,0.0035234151873737574,-0.0157235600054264,0.05615988373756409
1680270133153075255,,0.0,0.0,0.0,,-0.002948843641206622,-0.017752500250935548,0.05296687036752701
1680270133166101300,,0.0,0.0,0.0,,-0.0036585500929504633,-0.0187708344310522,0.050852276384830475
1680270133182311683,,0.0,0.0,0.0,,-0.0017942433478310704,-0.01848638989031314,0.04740438982844353
1680270133196751453,,0.0,0.0,0.0,,-0.007111781742423773,-0.019383542239665978,0.04549641162157059
1680270133211535016,,0.0,0.0,0.0,,-0.005856296047568321,-0.019471902400255196,0.042856182903051376
1680270133228860785,,0.0,0.0,0.0,,-0.00553522352129221,-0.01856879889965057,0.0408191904425621
1680270133243073210,,0.0,0.0,0.0,,-0.011258650571107864,-0.01840422488749027,0.03848901391029358
1680270133261587712,,0.0,0.0,0.0,,-0.008208724670112133,-0.01622211560606956,0.03593621775507927
1680270133276302147,,0.0,0.0,0.0,,-0.010593879967927933,-0.015891041606664654,0.03334422782063484
1680270133290718793,,0.0,0.0,0.0,,-0.011511575430631638,-0.015627598389983174,0.03063340485095978
1680270133309187169,,0.0,0.0,0.0,,-0.00927778985351324,-0.014519825577735897,0.028326841071248058
1680270133325440382,,0.0,0.0,0.0,,-0.01344541646540165,-0.013418549671769139,0.026233604177832603
1680270133341646456,,0.0,0.0,0.0,,-0.011728730984032154,-0.011826634407043454,0.023902902379631996
1680270133358764286,,0.0,0.0,0.0,,-0.011112445965409279,-0.010665498673915861,0.020813263952732086
1680270133373072230,,0.0,0.0,0.0,,-0.011663714423775673,-0.010406812652945517,0.018739886581897736
1680270133391055789,,0.0,0.0,0.0,,-0.010977208614349365,-0.008016707375645636,0.01635081134736538
1680270133406525305,,0.0,0.0,0.0,,-0.01249707955867052,-0.005845481064170597,0.01418028213083744
1680270133418746476,,0.0,0.0,0.0,,-0.01314135268330574,-0.005027229897677897,0.012724432162940502
1680270133436120865,,0.0,0.0,0.0,,-0.010529645718634129,-0.0031243199482560145,0.01047450676560402
1680270133454563673,,0.0,0.0,0.0,,-0.011596386320888996,-0.0023453065659850827,0.008466181345283985
1680270133469184181,,0.0,0.0,0.0,,-0.011316832154989243,-0.0015023492742329827,0.006837235298007727
1680270133483335131,,0.0,0.0,0.0,,-0.008984329178929329,0.0005669505335390573,0.004128411412239075
1680270133501525367,,0.0,0.0,0.0,,-0.010676795616745949,0.0020009952131658797,0.0019505885429680345
1680270133516788648,,0.0,0.0,0.0,,-0.00894998386502266,0.0032681890297681093,0.001113182981498539
1680270133530762045,,0.0,0.0,0.0,,-0.007893613539636135,0.003736560232937336,-0.0002455204376019542
1680270133549405218,,0.0,0.0,0.0,,-0.00845203548669815,0.004581804852932692,-0.001994256861507893
1680270133566871780,,0.0,0.0,0.0,,-0.004660686943680048,0.005449784453958273,-0.0023233424872159967
1680270133581569673,,0.0,0.0,0.0,,-0.006278660148382187,0.005213663913309574,-0.0032959042582660918
1680270133601751014,,0.0,0.0,0.0,,-0.004271306097507477,0.005591211840510368,-0.0027919209096580752
1680270133620435575,,0.0,0.0,0.0,,-0.0032052781898528337,0.005043332464993,-0.0025832590181380515
1680270133633111415,,0.0,0.0,0.0,,-0.0028580802027136087,0.005527940578758717,-0.0026662200689315805
1680270133653554445,,0.0,0.0,0.0,,-0.0010780879529193044,0.006864001974463463,-0.00213924190029502
1680270133669308954,,0.0,0.0,0.0,,-0.000769987003877759,0.0067359451204538345,-0.0026902060490101585
1680270133683428566,,0.0,0.0,0.0,,0.0011229407973587513,0.0074517629109323025,-0.0028429438825696715
1680270133701555022,,0.0,0.0,0.0,,0.002429097192361951,0.00775506068021059,-0.0027324752882123
1680270133713466754,,0.0,0.0,0.0,,0.002312054391950369,0.007726212032139301,-0.002966235391795636
1680270133729923076,,0.0,0.0,0.0,,0.003942644223570824,0.008603153750300407,-0.004311304073780776
1680270133743155278,,0.0,0.0,0.0,,0.0064103263430297375,0.00988683570176363,-0.005265867337584496
1680270133763052005,,0.0,0.0,0.0,,0.006418114993721247,0.010516829788684845,-0.006576792802661658
1680270133778858733,,0.0,0.0,0.0,,0.0064512863755226135,0.010667568072676659,-0.00648443214595318
1680270133793058304,,0.0,0.0,0.0,,0.005260019563138485,0.010329184122383593,-0.007590032182633878
1680270133811278756,,0.0,0.0,0.0,,0.009795650839805603,0.010868667624890803,-0.009133232757449152
1680270133829175894,,0.0,0.0,0.0,,0.00935607124119997,0.012315105646848677,-0.012404981069266798
1680270133843037612,,0.0,0.0,0.0,,0.010645781643688679,0.01287754252552986,-0.015304789878427984
1680270133861014028,,0.0,0.0,0.0,,0.011933722533285618,0.011854393407702444,-0.01776864193379879
1680270133875476290,,0.0,0.0,0.0,,0.011416509747505188,0.011319251731038092,-0.020930133759975433
1680270133891330947,,0.0,0.0,0.0,,0.01321212574839592,0.011179315857589241,-0.0233539417386055
1680270133910791469,,0.0,0.0,0.0,,0.010797145776450634,0.009685537777841088,-0.025406815111637115
1680270133922786116,,0.0,0.0,0.0,,0.012482281774282455,0.009677615016698834,-0.028028171509504318
1680270133938639931,,0.0,0.0,0.0,,0.013112468644976616,0.009676294401288029,-0.029278481379151344
1680270133961723851,,0.0,0.0,0.0,,0.011451048776507378,0.007907310500741001,-0.031930021941661835
1680270133973423906,,0.0,0.0,0.0,,0.011310163885354996,0.007375589571893211,-0.03280452638864517
1680270133994582955,,0.0,0.0,0.0,,0.009741771966218948,0.005164832808077331,-0.03479112684726715
1680270134009320973,,0.0,0.0,0.0,,0.01130324974656105,0.004104623571038242,-0.03579873964190483
1680270134022696563,,0.0,0.0,0.0,,0.010182861238718033,0.0029027368873357725,-0.03736857697367668
1680270134041359113,,0.0,0.0,0.0,,0.008849900215864182,0.001550403889268632,-0.03920694440603256
1680270134061641732,,0.0,0.0,0.0,,0.009601485915482044,0.00042467378079890717,-0.039678607136011124
1680270134073408011,,0.0,0.0,0.0,,0.008040108717978,-0.0012155433651059916,-0.04006213694810867
1680270134093011941,,0.0,0.0,0.0,,0.007293376140296459,-0.0026191556826233916,-0.04170306771993637
1680270134109341106,,0.0,0.0,0.0,,0.0067298198118805885,-0.004286116920411592,-0.04178887978196144
1680270134126452063,,0.0,0.0,0.0,,0.006449641659855843,-0.00591855682432652,-0.042284488677978516
1680270134142577045,,0.0,0.0,0.0,,0.005940317176282406,-0.007102290168404584,-0.04277120903134346
1680270134155579096,,0.0,0.0,0.0,,0.004172720946371555,-0.00816335435956717,-0.0434473417699337
1680270134174071117,,0.0,0.0,0.0,,0.004492053762078285,-0.008564883843064313,-0.04459219053387642
1680270134189753631,,0.0,0.0,0.0,,0.003906602039933205,-0.009044632315635686,-0.04444073513150215
1680270134206436567,,0.0,0.0,0.0,,0.002760842442512512,-0.010546531528234487,-0.045496027916669846
1680270134222946680,,0.0,0.0,0.0,,0.002489125821739435,-0.010654771700501447,-0.04600369185209274
1680270134240477372,,0.0,0.0,0.0,,0.0010065657552331686,-0.01077884435653687,-0.046167805790901184
1680270134258720607,,0.0,0.0,0.0,,-0.0002523020375519991,-0.010486028157174592,-0.04747835919260979
1680270134275968600,,0.0,0.0,0.0,,-0.0011337322648614645,-0.010766329243779188,-0.04832959547638893
1680270134292030154,,0.0,0.0,0.0,,-0.0024420940317213535,-0.01102162059396506,-0.0497184693813324
1680270134309396809,,0.0,0.0,0.0,,-0.003078588517382741,-0.010625865310430534,-0.05194952338933945
1680270134324276332,,0.0,0.0,0.0,,-0.0046772947534918785,-0.010714033618569381,-0.052964597940444946
1680270134338762870,,0.0,0.0,0.0,,-0.00400651665404439,-0.008748463355004794,-0.053993865847587585
1680270134355518302,,0.0,0.0,0.0,,-0.005092560313642025,-0.007970190607011325,-0.056426726281642914
1680270134372860360,,0.0,0.0,0.0,,-0.006687846966087818,-0.008811547420918948,-0.05967937409877777
1680270134391573264,,0.0,0.0,0.0,,-0.006940475665032864,-0.008525741286575801,-0.06114412844181061
1680270134406547254,,0.0,0.0,0.0,,-0.008296261541545391,-0.00837980583310128,-0.06295423209667206
1680270134421280583,,0.0,0.0,0.0,,-0.008177963085472584,-0.0066747497767210085,-0.06506712734699249
1680270134435836451,,0.0,0.0,0.0,,-0.008791176602244377,-0.00698508648201824,-0.06637360155582428
1680270134453435400,,0.0,0.0,0.0,,-0.010036538355052471,-0.006974475923925647,-0.06793554872274399
1680270134465691987,,0.0,0.0,0.0,,-0.009675364010035992,-0.007361686788499364,-0.06939354538917542
1680270134483939239,,0.0,0.0,0.0,,-0.009843415580689907,-0.007730043493211278,-0.07082300633192062
1680270134502761968,,0.0,0.0,0.0,,-0.009307445958256721,-0.008018015883862981,-0.07040997594594955
1680270134513330306,,0.0,0.0,0.0,,-0.009874507784843445,-0.007697300519794234,-0.0709247812628746
1680270134529505633,,0.0,0.0,0.0,,-0.009219033643603325,-0.008598482236266145,-0.07178521156311035
1680270134545753456,,0.0,0.0,0.0,,-0.010158051736652851,-0.010094475932419309,-0.07061171531677246
1680270134563036595,,0.0,0.0,0.0,,-0.009020033292472363,-0.01143867615610362,-0.06992289423942566
1680270134579034730,,0.0,0.0,0.0,,-0.009465261362493038,-0.012028496712446221,-0.06945952028036118
1680270134594995816,,0.0,0.0,0.0,,-0.00907965935766697,-0.013237101957201966,-0.06781159341335297
1680270134613077659,,0.0,0.0,0.0,,-0.01057477481663227,-0.015137056820094594,-0.06684249639511108
1680270134629425769,,0.0,0.0,0.0,,-0.011828500777482986,-0.017748411744833,-0.06560824811458588
1680270134649279246,,0.0,0.0,0.0,,-0.013928234577178955,-0.021723486483097083,-0.06455936282873154
1680270134663103544,,0.0,0.0,0.0,,-0.013636257499456406,-0.023890420794487006,-0.06470771878957748
1680270134678741386,,0.0,0.0,0.0,,-0.013073749840259552,-0.02649853006005288,-0.06485684216022491
1680270134696330126,,0.0,0.0,0.0,,-0.014630301855504513,-0.02981172129511834,-0.06630942970514297
1680270134711746894,,0.0,0.0,0.0,,-0.015867233276367188,-0.03333286568522454,-0.0684475526213646
1680270134728893037,,0.0,0.0,0.0,,-0.01413409411907196,-0.03877748921513558,-0.070916548371315
1680270134743388110,,0.0,0.0,0.0,,-0.013628607615828514,-0.041561432182788856,-0.07296743988990784
1680270134762913012,,0.0,0.0,0.0,,-0.008562830276787281,-0.0396159514784813,-0.07452444732189178
1680270134775022975,,0.0,0.0,0.0,,-0.01007440872490406,-0.03798710554838181,-0.07500329613685608
1680270134793352661,,0.0,0.0,0.0,,-0.013808373361825943,-0.03820473328232766,-0.0742049291729927
1680270134811363131,,0.0,0.0,0.0,,-0.003498604753986001,-0.034394890069961555,-0.07577640563249588
1680270134828812450,,0.0,0.0,0.0,,-0.01119673065841198,-0.03416660055518151,-0.07673957943916321
1680270134843244456,,0.0,0.0,0.0,,-0.005730560980737209,-0.030622802674770366,-0.0789857730269432
1680270134862272318,,0.0,0.0,0.0,,-0.0029528967570513487,-0.027082957327365886,-0.08163917064666748
1680270134875361683,,0.0,0.0,0.0,,-0.004743979778140783,-0.025860732421278964,-0.08436063677072525
1680270134891315716,,0.0,0.0,0.0,,0.0016276934184134007,-0.021713348105549823,-0.08660893887281418
1680270134907007307,,0.0,0.0,0.0,,-0.0010109374998137355,-0.020000804215669642,-0.08798794448375702
1680270134923012085,,0.0,0.0,0.0,,-3.480282612144947e-05,-0.017443610355258,-0.0906575545668602
1680270134938948004,,0.0,0.0,0.0,,0.003671635640785098,-0.013913812115788472,-0.09286949038505554
1680270134959486783,,0.0,0.0,0.0,,0.00190195650793612,-0.012351325713098061,-0.09551111608743668
1680270134973638354,,0.0,0.0,0.0,,0.0027198742609471083,-0.010024503804743302,-0.09649500250816345
1680270134990977948,,0.0,0.0,0.0,,0.00424848310649395,-0.006603009067475808,-0.09856439381837845
1680270135009217456,,0.0,0.0,0.0,,0.0036853167694061995,-0.004658557474613202,-0.0998997613787651
1680270135023444939,,0.0,0.0,0.0,,0.0064124856144189835,-0.0019636854995042207,-0.10066114366054535
1680270135039371320,,0.0,0.0,0.0,,0.004087711218744516,0.0001398648601025218,-0.10210821777582169
1680270135056994896,,0.0,0.0,0.0,,0.0046057431027293205,0.002190148457884776,-0.10246621072292328
1680270135071173297,,0.0,0.0,0.0,,0.005871589295566082,0.004129678942263113,-0.10348581522703171
1680270135089592601,,0.0,0.0,0.0,,0.003816175041720271,0.005315719638019787,-0.10423681139945984
1680270135103118221,,0.0,0.0,0.0,,0.004327866248786449,0.007285823114216315,-0.10416393727064133
1680270135121653733,,0.0,0.0,0.0,,0.005148360505700111,0.008501809090375888,-0.10421442985534668
1680270135136776811,,0.0,0.0,0.0,,0.003810400841757655,0.008576480671763408,-0.10509351640939713
1680270135154338140,,0.0,0.0,0.0,,0.006265684496611357,0.01057811453938483,-0.10580230504274368
1680270135171739380,,0.0,0.0,0.0,,0.0042400904931128025,0.010335476137697685,-0.10606519877910614
1680270135189842573,,0.0,0.0,0.0,,-0.00021433155052363873,0.010071631520986545,-0.10461442917585373
1680270135203397118,,0.0,0.0,0.0,,0.003767109476029873,0.009033131413161742,-0.10182169079780579
1680270135224567918,,0.0,0.0,0.0,,0.0027654250152409077,0.010171048343181598,-0.0994604304432869
1680270135238746500,,0.0,0.0,0.0,,0.002778620459139347,0.011733286082744586,-0.09793879836797714
1680270135254521748,,0.0,0.0,0.0,,0.0039633940905332565,0.012341249734163272,-0.09740123152732849
1680270135273480021,,0.0,0.0,0.0,,-0.006057093385607004,0.010626821778714645,-0.09602396935224533
1680270135289715129,,0.0,0.0,0.0,,0.0008105547167360783,0.012249752879142749,-0.09679048508405685
1680270135304875808,,0.0,0.0,0.0,,0.010077349841594696,0.014522193931043136,-0.09668872505426407
1680270135323411580,,0.0,0.0,0.0,,-0.009749209508299828,0.00812416337430476,-0.09272578358650208
1680270135339476681,,0.0,0.0,0.0,,-0.004333955701440573,0.010527706705033769,-0.09141473472118378
1680270135355816595,,0.0,0.0,0.0,,0.004102536477148533,0.011838264763355245,-0.08887962996959686
1680270135373502488,,0.0,0.0,0.0,,-0.0037496485747396946,0.009277116507291783,-0.08479959517717361
1680270135392826414,,0.0,0.0,0.0,,-0.004733361303806305,0.008767313323914994,-0.08152129501104355
1680270135407382131,,0.0,0.0,0.0,,-0.006520791910588741,0.008709153160452832,-0.07992427796125412
1680270135421798918,,0.0,0.0,0.0,,-0.0015669631538912654,0.007708956487476816,-0.0787065252661705
1680270135439228221,,0.0,0.0,0.0,,-0.002811385551467538,0.006870424374938002,-0.07487998157739639
1680270135455931415,,0.0,0.0,0.0,,-0.009900648146867752,0.0038343339692801146,-0.07262610644102097
1680270135472980486,,0.0,0.0,0.0,,-0.00572449155151844,0.002315195277333251,-0.06937859207391739
1680270135490185107,,0.0,0.0,0.0,,-0.003604761091992259,0.00032014446333049915,-0.06661123037338257
1680270135510805038,,0.0,0.0,0.0,,-0.004188217222690582,-0.0045490222983062345,-0.06064523756504059
1680270135526178665,,0.0,0.0,0.0,,-0.01210450753569603,-0.008925697766244418,-0.05446923151612282
1680270135541827367,,0.0,0.0,0.0,,-0.006776553578674793,-0.008979639038443572,-0.050835020840168
1680270135559821235,,0.0,0.0,0.0,,-0.004111369140446186,-0.01185468770563603,-0.04586716368794441
1680270135573615177,,0.0,0.0,0.0,,-0.003815244883298874,-0.015328347682952886,-0.04005427286028862
1680270135591154345,,0.0,0.0,0.0,,-0.007898705080151558,-0.017550298944115642,-0.0343673899769783
1680270135609660442,,0.0,0.0,0.0,,-0.006248947232961655,-0.019081696867942814,-0.030558230355381962
1680270135625204528,,0.0,0.0,0.0,,-0.0003653988242149353,-0.020632453262805942,-0.026225304231047627
1680270135642906770,,0.0,0.0,0.0,,-0.0021855770610272884,-0.023287575691938404,-0.01990038156509399
1680270135658037944,,0.0,0.0,0.0,,-0.0051825386472046375,-0.026404103264212612,-0.01550238765776157
1680270135673455123,,0.0,0.0,0.0,,-0.00537436967715621,-0.027119148522615433,-0.01099121198058128
1680270135691396402,,0.0,0.0,0.0,,-0.0032813120633363724,-0.027622714638710022,-0.005144157912582156
1680270135709508482,,0.0,0.0,0.0,,0.00043004145845770836,-0.028085559606552124,0.0007211970514617895
1680270135723778084,,0.0,0.0,0.0,,-0.003437263425439596,-0.02959350310266018,0.005497043021023277
1680270135743399446,,0.0,0.0,0.0,,-0.0036162715405225754,-0.02953760139644146,0.010412948206067089
1680270135761069860,,0.0,0.0,0.0,,-0.001277439994737506,-0.029094597324728966,0.013486318290233616
1680270135775480725,,0.0,0.0,0.0,,-0.0011953674256801605,-0.029091078788042065,0.016488043591380123
1680270135793601120,,0.0,0.0,0.0,,-0.0031806256156414747,-0.02836279012262821,0.020291153341531757
1680270135812812326,,0.0,0.0,0.0,,-0.002952322829514742,-0.026370385661721226,0.02225803025066853
1680270135829981532,,0.0,0.0,0.0,,-0.0008779978379607201,-0.026534650474786755,0.025802008807659153
1680270135849579741,,0.0,0.0,0.0,,-0.0002603360917419195,-0.02409393340349197,0.029549034312367443
1680270135863003741,,0.0,0.0,0.0,,-0.0029751199763268232,-0.022453989833593365,0.03147803992033005
1680270135879019309,,0.0,0.0,0.0,,-0.002789712743833661,-0.020505979657173153,0.03268464282155037
1680270135893461063,,0.0,0.0,0.0,,-0.0007802762556821108,-0.018812611699104306,0.03428865969181061
1680270135911725978,,0.0,0.0,0.0,,0.0007041920907795429,-0.01736173033714294,0.03672194480895996
1680270135929367397,,0.0,0.0,0.0,,0.0005752609577029943,-0.014700478874146933,0.03788135573267937
1680270135945975633,,0.0,0.0,0.0,,-0.0017051096074283123,-0.012631855905055995,0.03886754438281059
1680270135963315779,,0.0,0.0,0.0,,0.0008292831480503082,-0.011433208361268038,0.04185820743441582
1680270135977808939,,0.0,0.0,0.0,,0.0029988388996571302,-0.00908267125487327,0.043750107288360596
1680270135993600638,,0.0,0.0,0.0,,0.0023644433822482824,-0.007738821208477015,0.04585321247577667
1680270136009947025,,0.0,0.0,0.0,,-0.00015443377196788788,-0.00595331005752086,0.04748560115695
1680270136028909074,,0.0,0.0,0.0,,0.0016870656982064247,-0.003884505247697228,0.049456607550382614
1680270136043427812,,0.0,0.0,0.0,,0.0030761277303099632,-0.002666290383785957,0.05027732253074646
1680270136061926785,,0.0,0.0,0.0,,0.0016049761325120926,-7.377704605459526e-05,0.052297256886959076
1680270136075311793,,0.0,0.0,0.0,,-0.0007198930252343416,0.001978332176804549,0.05422983318567276
1680270136091196776,,0.0,0.0,0.0,,-0.0017409506253898144,0.003536685137078173,0.05554555356502533
1680270136106841590,,0.0,0.0,0.0,,-0.0005207478534430265,0.0067516518756747315,0.057114049792289734
1680270136123161167,,0.0,0.0,0.0,,-0.00045797787606716156,0.009214748628437526,0.0588555671274662
1680270136139224975,,0.0,0.0,0.0,,-0.002898547798395157,0.010640799067914493,0.060195326805114746
1680270136159027136,,0.0,0.0,0.0,,-0.005003421101719141,0.01258079148828984,0.06180093064904213
1680270136173443953,,0.0,0.0,0.0,,-0.0025243095587939024,0.015596299432218082,0.061826858669519424
1680270136192679003,,0.0,0.0,0.0,,-0.0021828075405210257,0.017399957403540618,0.06279902160167694
1680270136205812680,,0.0,0.0,0.0,,-0.006871148012578487,0.018869049847126014,0.06405234336853027
1680270136223311282,,0.0,0.0,0.0,,-0.006071706302464008,0.021076152101159103,0.0643581673502922
1680270136239542563,,0.0,0.0,0.0,,-0.004263732582330704,0.022501949220895774,0.06483106315135956
1680270136256207806,,0.0,0.0,0.0,,-0.004109398927539587,0.02375686541199685,0.06581568717956543
1680270136273502186,,0.0,0.0,0.0,,-0.006224961020052433,0.025346837937831886,0.0658329650759697
1680270136290228113,,0.0,0.0,0.0,,-0.005651470273733139,0.026910018175840385,0.06651429831981659
1680270136303378441,,0.0,0.0,0.0,,-0.0028898310847580433,0.027847578749060638,0.06808049976825714
1680270136321892873,,0.0,0.0,0.0,,-0.003252403810620308,0.028902161866426475,0.06847546994686127
1680270136335049933,,0.0,0.0,0.0,,-0.005097533576190472,0.028594207018613822,0.07024438679218292
1680270136353407612,,0.0,0.0,0.0,,-0.0036077331751585007,0.030209796503186236,0.07097716629505157
1680270136371711942,,0.0,0.0,0.0,,-0.0030245676171034575,0.030113734304904948,0.0730985552072525
1680270136385708923,,0.0,0.0,0.0,,-0.0015945310005918145,0.031083054840564738,0.07493912428617477
1680270136402001640,,0.0,0.0,0.0,,0.0003565943334251642,0.0316208228468895,0.07581868767738342
1680270136415539913,,0.0,0.0,0.0,,-6.291549652814865e-06,0.0323113538324833,0.07657677680253983
1680270136433535856,,0.0,0.0,0.0,,0.0003599277697503567,0.03185106068849564,0.07749566435813904
1680270136453219675,,0.0,0.0,0.0,,0.0006484512705355883,0.03027598559856416,0.07926376163959503
1680270136469184678,,0.0,0.0,0.0,,0.0027811541222035885,0.03073217160999776,0.08158285915851593
1680270136484355065,,0.0,0.0,0.0,,0.0009918606374412775,0.02978864870965482,0.08350910991430283
1680270136501834321,,0.0,0.0,0.0,,0.0014595685061067343,0.029608286917209636,0.0864381194114685
1680270136515603386,,0.0,0.0,0.0,,0.0004341520834714174,0.02874603495001794,0.08780477941036224
1680270136534139118,,0.0,0.0,0.0,,0.0037430834490805864,0.028369782492518435,0.08907172083854675
1680270136554015347,,0.0,0.0,0.0,,0.004697568714618683,0.027099240571260463,0.09075823426246643
1680270136573059610,,0.0,0.0,0.0,,0.001884503522887826,0.02454969659447671,0.09317553043365479
1680270136589811405,,0.0,0.0,0.0,,0.004541928414255381,0.024751264601945887,0.09450419247150421
1680270136604271313,,0.0,0.0,0.0,,0.003217347664758563,0.023946387693285952,0.0957818478345871
1680270136623133977,,0.0,0.0,0.0,,0.004576121456921101,0.023750446736812602,0.09424703568220139
1680270136639215468,,0.0,0.0,0.0,,0.006212735082954168,0.025271808728575717,0.0918084904551506
1680270136657439997,,0.0,0.0,0.0,,0.004713928326964378,0.023143187165260325,0.09249658137559891
1680270136671514604,,0.0,0.0,0.0,,0.0003148745745420456,0.0213312078267336,0.09237150847911835
1680270136690193594,,0.0,0.0,0.0,,0.0074677299708127975,0.022388100624084483,0.0898401141166687
1680270136706520024,,0.0,0.0,0.0,,0.0034840211737900972,0.020260855555534373,0.09024735540151596
1680270136721844258,,0.0,0.0,0.0,,0.0036716265603899956,0.019750505685806285,0.08786874264478683
1680270136739323794,,0.0,0.0,0.0,,0.005871906876564026,0.019989004358649264,0.08489593863487244
1680270136758537244,,0.0,0.0,0.0,,0.004752715118229389,0.019073624163866053,0.08208528161048889
1680270136773300549,,0.0,0.0,0.0,,0.01057816669344902,0.01944006048142911,0.07882175594568253
1680270136791778343,,0.0,0.0,0.0,,0.005008406937122345,0.01723008230328561,0.07648108154535294
1680270136806695135,,0.0,0.0,0.0,,0.004646642133593559,0.016277633607387553,0.07423987984657288
1680270136821528652,,0.0,0.0,0.0,,0.010722591541707516,0.01760118082165719,0.07193753123283386
1680270136835803504,,0.0,0.0,0.0,,0.006046499125659466,0.015468206256628045,0.07057923078536987
1680270136852085129,,0.0,0.0,0.0,,0.005179364699870348,0.01418617647141219,0.06990325450897217
1680270136869119533,,0.0,0.0,0.0,,0.008918358944356441,0.014602411538362512,0.06831301748752594
1680270136883393222,,0.0,0.0,0.0,,0.004670267459005117,0.013326159678399572,0.06745380908250809
1680270136901325475,,0.0,0.0,0.0,,0.007797875441610813,0.013003344647586354,0.06706562638282776
1680270136915033927,,0.0,0.0,0.0,,0.007860030978918076,0.011715255677700051,0.06629673391580582
1680270136933861374,,0.0,0.0,0.0,,0.004989385139197111,0.009935732930898675,0.06538943201303482
1680270136953884288,,0.0,0.0,0.0,,0.008702952414751053,0.008950833231210717,0.06531738489866257
1680270136968883736,,0.0,0.0,0.0,,0.005367979872971773,0.006877900101244457,0.06506545096635818
1680270136983406220,,0.0,0.0,0.0,,0.006289065349847078,0.005576570518314846,0.06391295790672302
1680270136998867922,,0.0,0.0,0.0,,0.009022561833262444,0.004201003815978773,0.06397835910320282
1680270137013916081,,0.0,0.0,0.0,,0.004015577025711536,0.00399417709559203,0.06179232522845268
1680270137031272306,,0.0,0.0,0.0,,0.003832519054412842,0.0005983822047710491,0.059118084609508514
1680270137046205529,,0.0,0.0,0.0,,0.011420576833188534,0.001719662919640548,0.057196833193302155
1680270137063838242,,0.0,0.0,0.0,,-0.0008274021092802286,-0.0034953446593135526,0.05494571477174759
1680270137079058802,,0.0,0.0,0.0,,0.0020654108375310898,-0.005199011415243143,0.05241100490093231
1680270137093895685,,0.0,0.0,0.0,,0.008824820630252361,-0.00454724952578544,0.048257775604724884
1680270137110677306,,0.0,0.0,0.0,,-0.0027550053782761097,-0.010801247321069235,0.043642040342092514
1680270137125106667,,0.0,0.0,0.0,,0.004057692363858223,-0.01131254062056541,0.03801090270280838
1680270137141821603,,0.0,0.0,0.0,,-0.0003485607448965311,-0.013920061290264126,0.03480605036020279
1680270137159119960,,0.0,0.0,0.0,,0.0024629414547234774,-0.016321042552590367,0.031235326081514362
1680270137173339468,,0.0,0.0,0.0,,0.004879101645201445,-0.0169244147837162,0.028078680858016018
1680270137190812482,,0.0,0.0,0.0,,-0.005799112841486931,-0.022093126550316807,0.026958042755723003
1680270137210861866,,0.0,0.0,0.0,,-0.0027088243514299393,-0.02259588614106178,0.02387780696153641
1680270137223870228,,0.0,0.0,0.0,,0.0037156592588871717,-0.022163296118378636,0.019851576536893848
1680270137239845280,,0.0,0.0,0.0,,-0.001127537339925766,-0.024716462939977642,0.016579935327172283
1680270137257250908,,0.0,0.0,0.0,,-0.0031217874493449926,-0.026925383135676384,0.010999551974236969
1680270137271076660,,0.0,0.0,0.0,,-0.0018753203330561519,-0.027386987581849098,0.005622487515211109
1680270137289919687,,0.0,0.0,0.0,,-0.0002974546514451504,-0.027212880551815033,0.00027952418895438644
1680270137305810702,,0.0,0.0,0.0,,0.001303408993408084,-0.02897975593805313,-0.004357024561613795
1680270137324169052,,0.0,0.0,0.0,,-0.004315396770834923,-0.03042077086865902,-0.00819429941475391
1680270137338843180,,0.0,0.0,0.0,,-0.0007312719244509935,-0.026186255738139153,-0.011563635431230065
1680270137358310114,,0.0,0.0,0.0,,-0.00016415934078395367,-0.026659881696105007,-0.015098234638571736
1680270137374164711,,0.0,0.0,0.0,,-0.0009697035420686007,-0.02775475382804871,-0.018521890044212338
1680270137393332646,,0.0,0.0,0.0,,0.0011412794701755047,-0.024539126083254818,-0.022820547223091122
1680270137409680305,,0.0,0.0,0.0,,-0.0004926344845443964,-0.023317797109484676,-0.0268748365342617
1680270137423272670,,0.0,0.0,0.0,,0.0017480647657066584,-0.022094702348113063,-0.029719602316617962
1680270137439466862,,0.0,0.0,0.0,,0.0021507663186639547,-0.01975568570196629,-0.032341230660676956
1680270137454023620,,0.0,0.0,0.0,,-0.00030527845956385136,-0.01809550635516644,-0.03405872359871864
1680270137472089975,,0.0,0.0,0.0,,0.0016681589186191559,-0.014764163643121725,-0.037583447992801666
1680270137489136431,,0.0,0.0,0.0,,0.000751751009374857,-0.013554763048887258,-0.038892339915037155
1680270137503695203,,0.0,0.0,0.0,,0.00039076199755072594,-0.011709973216056829,-0.04042675718665123
1680270137521602780,,0.0,0.0,0.0,,0.003233858849853277,-0.007183342240750795,-0.04276425763964653
1680270137551054200,,0.0,0.0,0.0,,0.0011239429004490376,-0.002426171908155089,-0.04383150860667229
1680270137569892538,,0.0,0.0,0.0,,0.005011846777051687,0.000955098075792188,-0.0438673309981823
1680270137583344661,,0.0,0.0,0.0,,0.003975102677941322,0.0039024166762828775,-0.043777525424957275
1680270137598521590,,0.0,0.0,0.0,,0.007257357239723206,0.0075908713042736,-0.04354451969265938
1680270137614808125,,0.0,0.0,0.0,,0.008039494045078754,0.01003388781100511,-0.04184656962752342
1680270137631828111,,0.0,0.0,0.0,,0.008255140855908394,0.013004804030060763,-0.04185537248849869
1680270137651135306,,0.0,0.0,0.0,,0.015015007928013802,0.016762722283601754,-0.04293069988489151
1680270137669664957,,0.0,0.0,0.0,,0.013042481616139412,0.01860308460891246,-0.04334138706326485
1680270137682953604,,0.0,0.0,0.0,,0.01502347830682993,0.019501121714711182,-0.04422564432024956
1680270137697834028,,0.0,0.0,0.0,,0.017352472990751266,0.020070903003215783,-0.045797400176525116
1680270137713474975,,0.0,0.0,0.0,,0.01732887327671051,0.02041297033429145,-0.04792061448097229
1680270137733484253,,0.0,0.0,0.0,,0.015472808852791786,0.019314287230372422,-0.050596579909324646
1680270137752699076,,0.0,0.0,0.0,,0.012794322334229946,0.01734307594597339,-0.05200941860675812
1680270137771304939,,0.0,0.0,0.0,,0.01636495441198349,0.016449408605694764,-0.05190923437476158
1680270137789237672,,0.0,0.0,0.0,,0.01007128320634365,0.014684451743960374,-0.051942236721515656
1680270137805097198,,0.0,0.0,0.0,,0.010424087755382061,0.01463323645293712,-0.0551229789853096
1680270137819108798,,0.0,0.0,0.0,,0.007598863914608955,0.013820127584040158,-0.057929519563913345
1680270137833491752,,0.0,0.0,0.0,,0.004809185862541199,0.011943162418901913,-0.05978405848145485
1680270137848669943,,0.0,0.0,0.0,,0.009312031790614128,0.013027132488787166,-0.06435686349868774
1680270137865655686,,0.0,0.0,0.0,,0.0021078649442642927,0.010039874352514735,-0.06717995554208755
1680270137882922865,,0.0,0.0,0.0,,-0.00035512191243469715,0.00899831671267747,-0.07007892429828644
1680270137897183229,,0.0,0.0,0.0,,0.0014721131883561611,0.008735346607863894,-0.07200561463832855
1680270137913307941,,0.0,0.0,0.0,,-0.0025914693251252174,0.007216542959213247,-0.0743987113237381
1680270137930663726,,0.0,0.0,0.0,,-0.003334855195134878,0.005793938413262358,-0.07597672194242477
1680270137949646584,,0.0,0.0,0.0,,-0.003832397051155567,0.005429894663393488,-0.07678579539060593
1680270137965418636,,0.0,0.0,0.0,,-0.007367249112576246,0.004751349333673706,-0.0763612613081932
1680270137981339577,,0.0,0.0,0.0,,-0.005447021685540676,0.005581958219408979,-0.07688793540000916
1680270137995306212,,0.0,0.0,0.0,,-0.007519103586673737,0.0055831279605626965,-0.07736079394817352
1680270138011337249,,0.0,0.0,0.0,,-0.009426583535969257,0.004791592247784128,-0.07685147225856781
1680270138029622563,,0.0,0.0,0.0,,-0.007181021384894848,0.006693691946566095,-0.07649585604667664
1680270138045241278,,0.0,0.0,0.0,,-0.012045333161950111,0.0054241321049630555,-0.07420274615287781
1680270138062453925,,0.0,0.0,0.0,,-0.01341931987553835,0.004237303975969544,-0.07264887541532516
1680270138077206140,,0.0,0.0,0.0,,-0.014020172879099846,0.005498804152011863,-0.07096818089485168
1680270138093403177,,0.0,0.0,0.0,,-0.017843998968601227,0.005234074778854838,-0.06921517848968506
1680270138110245241,,0.0,0.0,0.0,,-0.019010499119758606,0.005232938565313808,-0.06543843448162079
1680270138122908447,,0.0,0.0,0.0,,-0.022645626217126846,0.004444014281034462,-0.06189112737774849
1680270138141493882,,0.0,0.0,0.0,,-0.027487002313137054,0.004543179180473082,-0.05782278627157211
1680270138161515554,,0.0,0.0,0.0,,-0.030386192724108696,0.004990713670849794,-0.05308352783322334
1680270138173808428,,0.0,0.0,0.0,,-0.03443221002817154,0.005059916526079172,-0.04981463402509689
1680270138193400556,,0.0,0.0,0.0,,-0.036347225308418274,0.006472883280366654,-0.043995559215545654
1680270138211212714,,0.0,0.0,0.0,,-0.040023837238550186,0.007072147913277144,-0.03993819281458855
1680270138228402899,,0.0,0.0,0.0,,-0.042356912046670914,0.008585884235799309,-0.03365394473075867
1680270138245022537,,0.0,0.0,0.0,,-0.04542387276887894,0.008740553632378575,-0.025047559291124344
1680270138262029339,,0.0,0.0,0.0,,-0.05041591823101044,0.007784014567732809,-0.01709381677210331
1680270138281524666,,0.0,0.0,0.0,,-0.05295674875378609,0.010083043016493319,-0.007344345562160016
1680270138295583573,,0.0,0.0,0.0,,-0.04772989824414253,0.014165464788675308,-0.001324887736700477
1680270138313398427,,0.0,0.0,0.0,,-0.06565796583890915,0.013224344700574877,0.007494082674384115
1680270138330858466,,0.0,0.0,0.0,,-0.057921748608350754,0.017622878775000576,0.015357486903667448
1680270138349648484,,0.0,0.0,0.0,,-0.054547373205423355,0.019932698458433155,0.02651947550475597
1680270138365625530,,0.0,0.0,0.0,,-0.06531313806772232,0.01996184512972832,0.03765624016523361
1680270138379520381,,0.0,0.0,0.0,,-0.061880454421043396,0.023973701521754272,0.0482758991420269
1680270138395220208,,0.0,0.0,0.0,,-0.06022631376981735,0.02714237570762635,0.05778661370277405
1680270138413766069,,0.0,0.0,0.0,,-0.0583166778087616,0.030036332085728652,0.0704919844865799
1680270138429632327,,0.0,0.0,0.0,,-0.05855856463313103,0.03144242241978646,0.08186335861682892
1680270138445466055,,0.0,0.0,0.0,,-0.06189769506454468,0.033964511007070555,0.09377238899469376
1680270138463326994,,0.0,0.0,0.0,,-0.05664075165987015,0.039056733250617995,0.10543487221002579
1680270138480292970,,0.0,0.0,0.0,,-0.05559585243463516,0.040833700448274626,0.11744483560323715
1680270138495103584,,0.0,0.0,0.0,,-0.0591675341129303,0.04202441126108171,0.12971699237823486
1680270138513651628,,0.0,0.0,0.0,,-0.05737068131566048,0.04630233347415926,0.14322078227996826
1680270138529233695,,0.0,0.0,0.0,,-0.05695824325084686,0.04796190932393076,0.15479524433612823
1680270138544618063,,0.0,0.0,0.0,,-0.054928116500377655,0.049923114478588125,0.16934150457382202
1680270138563116445,,0.0,0.0,0.0,,-0.055086348205804825,0.05027308687567713,0.18467846512794495
1680270138578808056,,0.0,0.0,0.0,,-0.05557902529835701,0.05078447982668879,0.19668781757354736
1680270138595018068,,0.0,0.0,0.0,,-0.05002796649932861,0.05149622634053233,0.2099570780992508
1680270138613375065,,0.0,0.0,0.0,,-0.05050567537546158,0.0506035424768925,0.22511090338230133
1680270138629186782,,0.0,0.0,0.0,,-0.046136461198329926,0.049861978739500074,0.23591721057891846
1680270138642888642,,0.0,0.0,0.0,,-0.041189659386873245,0.05166158080101016,0.2476571798324585
1680270138659467473,,0.0,0.0,0.0,,-0.038246892392635345,0.05372404679656032,0.26058000326156616
1680270138674855827,,0.0,0.0,0.0,,-0.035511620342731476,0.05334180966019634,0.27530592679977417
1680270138691292162,,0.0,0.0,0.0,,-0.03060733526945114,0.053499829024076496,0.28763771057128906
1680270138705737954,,0.0,0.0,0.0,,-0.02544989623129368,0.054642688482999836,0.29953956604003906
1680270138722930152,,0.0,0.0,0.0,,-0.021180354058742523,0.05620944127440457,0.31314578652381897
1680270138739126959,,0.0,0.0,0.0,,-0.019283857196569443,0.05559337139129643,0.3248673677444458
1680270138755869256,,0.0,0.0,0.0,,-0.012592080049216747,0.05629882961511616,0.33625948429107666
1680270138772682566,,0.0,0.0,0.0,,-0.005279294680804014,0.05766872689127926,0.34866398572921753
1680270138789779367,,0.0,0.0,0.0,,-0.00321320747025311,0.05759714171290402,0.35857316851615906
1680270138805981954,,0.0,0.0,0.0,,-0.0006870145443826914,0.057734962552785915,0.36724376678466797
1680270138821919396,,0.0,0.0,0.0,,0.004001195542514324,0.05872016027569776,0.3749379515647888
1680270138840823076,,0.0,0.0,0.0,,0.011228630319237709,0.05934593081474309,0.3812013268470764
1680270138857809690,,0.0,0.0,0.0,,0.008937275037169456,0.05708230286836629,0.38783860206604004
1680270138873646984,,0.0,0.0,0.0,,0.013528022915124893,0.055859699845314074,0.39201033115386963
1680270138889815849,,0.0,0.0,0.0,,0.020510731264948845,0.05565344542264943,0.3960346579551697
1680270138905163838,,0.0,0.0,0.0,,0.021858379244804382,0.05370442196726804,0.39903631806373596
1680270138921274514,,0.0,0.0,0.0,,0.020965801551938057,0.05168049409985547,0.40397465229034424
1680270138937363278,,0.0,0.0,0.0,,0.022304123267531395,0.050160080194473315,0.40723156929016113
1680270138955191998,,0.0,0.0,0.0,,0.02519511803984642,0.048105571419000674,0.4107760190963745
1680270138972029102,,0.0,0.0,0.0,,0.029012328013777733,0.04680228605866437,0.4153969883918762
1680270138989943191,,0.0,0.0,0.0,,0.024531826376914978,0.04491191357374196,0.42052900791168213
1680270139006849936,,0.0,0.0,0.0,,0.026956262066960335,0.04506630077958112,0.4248983561992645
1680270139023176054,,0.0,0.0,0.0,,0.025340106338262558,0.04460831359028822,0.42953866720199585
1680270139041467980,,0.0,0.0,0.0,,0.03025783970952034,0.04578919708728796,0.432475209236145
1680270139057834204,,0.0,0.0,0.0,,0.027919966727495193,0.0448905192315579,0.4338129162788391
1680270139072272882,,0.0,0.0,0.0,,0.02365020290017128,0.045394998043775614,0.43498116731643677
1680270139091213431,,0.0,0.0,0.0,,0.026379114016890526,0.04680930450558668,0.4359203577041626
1680270139106266248,,0.0,0.0,0.0,,0.03308621048927307,0.048490595072507914,0.43547284603118896
1680270139122598188,,0.0,0.0,0.0,,0.020672867074608803,0.04515261575579649,0.43743759393692017
1680270139139299047,,0.0,0.0,0.0,,0.028182610869407654,0.04784674942493444,0.43646737933158875
1680270139159739301,,0.0,0.0,0.0,,0.03170418739318848,0.04950685799121862,0.4345458447933197
1680270139173640223,,0.0,0.0,0.0,,0.028244592249393463,0.04685050994157797,0.4328891336917877
1680270139190901712,,0.0,0.0,0.0,,0.029507169499993324,0.046260435134172495,0.4301740825176239
1680270139209732125,,0.0,0.0,0.0,,0.02700629085302353,0.046487163752317484,0.4270626902580261
1680270139222337313,,0.0,0.0,0.0,,0.03253719210624695,0.04613887146115308,0.4241841733455658
1680270139241596739,,0.0,0.0,0.0,,0.02676587738096714,0.04321384802460675,0.42415353655815125
1680270139259596148,,0.0,0.0,0.0,,0.02081773616373539,0.04085960239171987,0.42271625995635986
1680270139272521535,,0.0,0.0,0.0,,0.025639072060585022,0.04225235059857373,0.42015162110328674
1680270139290276286,,0.0,0.0,0.0,,0.02115560695528984,0.03918876126408582,0.4183717966079712
1680270139305858814,,0.0,0.0,0.0,,0.016738032922148705,0.035542502999305774,0.4165022075176239
1680270139323004606,,0.0,0.0,0.0,,0.014086642302572727,0.03467287868261342,0.41431212425231934
1680270139339011818,,0.0,0.0,0.0,,0.009827305562794209,0.03325577825307851,0.41256478428840637
1680270139358203727,,0.0,0.0,0.0,,0.00870300643146038,0.030677510425448466,0.41046446561813354
1680270139371746539,,0.0,0.0,0.0,,0.0026288072112947702,0.02642569690942769,0.41066986322402954
1680270139389541225,,0.0,0.0,0.0,,-0.0009023260790854692,0.025044264271855403,0.40908557176589966
1680270139406078689,,0.0,0.0,0.0,,-0.0012314955238252878,0.024024141952395488,0.40590375661849976
1680270139421391041,,0.0,0.0,0.0,,-0.00855974666774273,0.01931948959827428,0.40587756037712097
1680270139435010818,,0.0,0.0,0.0,,-0.011717872694134712,0.016797507181763698,0.40482619404792786
1680270139453976343,,0.0,0.0,0.0,,-0.01103025022894144,0.018499499186873485,0.404727578163147
1680270139468706326,,0.0,0.0,0.0,,-0.014900123700499535,0.020904500037431765,0.40602490305900574
1680270139488612371,,0.0,0.0,0.0,,-0.018296418711543083,0.022931622341275264,0.40842682123184204
1680270139502342995,,0.0,0.0,0.0,,-0.021848637610673904,0.023062391206622172,0.4088057279586792
1680270139523005766,,0.0,0.0,0.0,,-0.022787541151046753,0.022866399958729793,0.40738263726234436
1680270139538717916,,0.0,0.0,0.0,,-0.0260627418756485,0.020208287984132815,0.4062722623348236
1680270139558199887,,0.0,0.0,0.0,,-0.036582402884960175,0.01792221702635293,0.40519434213638306
1680270139572873515,,0.0,0.0,0.0,,-0.03406897187232971,0.020122986286878634,0.4059787392616272
1680270139590842717,,0.0,0.0,0.0,,-0.03875643387436867,0.020814908668398906,0.4084855318069458
1680270139605821596,,0.0,0.0,0.0,,-0.04658610373735428,0.019336849451065116,0.4114391505718231
1680270139622642500,,0.0,0.0,0.0,,-0.04911237955093384,0.018614728003740363,0.4144155979156494
1680270139641301663,,0.0,0.0,0.0,,-0.05295808985829353,0.020877458155155234,0.417478084564209
1680270139657873902,,0.0,0.0,0.0,,-0.0515645332634449,0.02540499344468122,0.41998231410980225
1680270139671899727,,0.0,0.0,0.0,,-0.05696561932563782,0.027017029002308898,0.42352035641670227
1680270139688565912,,0.0,0.0,0.0,,-0.05795613303780556,0.029935851693153433,0.42641589045524597
1680270139705847638,,0.0,0.0,0.0,,-0.052201200276613235,0.03611715137958532,0.42951616644859314
1680270139722196790,,0.0,0.0,0.0,,-0.05484887585043907,0.04028232395648962,0.4332834482192993
1680270139740608710,,0.0,0.0,0.0,,-0.05513846501708031,0.04478412494063383,0.4375738799571991
1680270139757642963,,0.0,0.0,0.0,,-0.05066344514489174,0.049921821802854593,0.44046953320503235
1680270139772194092,,0.0,0.0,0.0,,-0.0491192452609539,0.05380373820662504,0.4439530372619629
1680270139791020868,,0.0,0.0,0.0,,-0.04710514470934868,0.05689170584082609,0.44970354437828064
1680270139805846610,,0.0,0.0,0.0,,-0.05240955948829651,0.05801230669021612,0.4521511197090149
1680270139822115011,,0.0,0.0,0.0,,-0.044801417738199234,0.06513425707817083,0.4519581198692322
1680270139837984465,,0.0,0.0,0.0,,-0.04153699800372124,0.06721011549234396,0.45170316100120544
1680270139855141098,,0.0,0.0,0.0,,-0.050431229174137115,0.0666415542364121,0.45351442694664
1680270139870809897,,0.0,0.0,0.0,,-0.049291543662548065,0.06956021487712866,0.45476219058036804
1680270139887547515,,0.0,0.0,0.0,,-0.051713671535253525,0.07153548300266271,0.45695826411247253
1680270139902199402,,0.0,0.0,0.0,,-0.04742562025785446,0.07434552162885671,0.45856916904449463
1680270139921032189,,0.0,0.0,0.0,,-0.04578664153814316,0.07502543926239019,0.4604938328266144
1680270139935594108,,0.0,0.0,0.0,,-0.052096445113420486,0.07503941655159002,0.46303609013557434
1680270139953945064,,0.0,0.0,0.0,,-0.04414822906255722,0.07841672748327261,0.4651643931865692
1680270139968695666,,0.0,0.0,0.0,,-0.04231209307909012,0.08003580570220953,0.4688115417957306
1680270139985508465,,0.0,0.0,0.0,,-0.05008808895945549,0.07792545109987264,0.4734751880168915
1680270140001779891,,0.0,0.0,0.0,,-0.04792693257331848,0.07841318845748907,0.4766084551811218
1680270140015000270,,0.0,0.0,0.0,,-0.04966193810105324,0.07688782364130026,0.4793878495693207
1680270140031857392,,0.0,0.0,0.0,,-0.04868229478597641,0.07667146623134619,0.4808640480041504
1680270140048937762,,0.0,0.0,0.0,,-0.0449545718729496,0.07550912350416189,0.48286372423171997
1680270140064688574,,0.0,0.0,0.0,,-0.048932041972875595,0.07106124609708792,0.4843139350414276
1680270140080687771,,0.0,0.0,0.0,,-0.045682989060878754,0.0671981349587441,0.48361241817474365
1680270140101398111,,0.0,0.0,0.0,,-0.0443500392138958,0.061017468571662965,0.48211103677749634
1680270140115531748,,0.0,0.0,0.0,,-0.04590761289000511,0.05370474979281432,0.48208677768707275
1680270140130132920,,0.0,0.0,0.0,,-0.042320366948843,0.05090209469199187,0.48270541429519653
1680270140147552885,,0.0,0.0,0.0,,-0.04315861314535141,0.04576504230499274,0.48323068022727966
1680270140162164256,,0.0,0.0,0.0,,-0.04474271088838577,0.04087193310260779,0.4847506284713745
1680270140180173764,,0.0,0.0,0.0,,-0.041353899985551834,0.034951169043779436,0.4849642813205719
1680270140195133566,,0.0,0.0,0.0,,-0.03985711932182312,0.02887764200568205,0.4839771091938019
1680270140210495321,,0.0,0.0,0.0,,-0.03466077893972397,0.025715550407767355,0.48255452513694763
1680270140224921636,,0.0,0.0,0.0,,-0.03341645374894142,0.020614774897694647,0.4807765483856201
1680270140241671748,,0.0,0.0,0.0,,-0.03646572679281235,0.01263066753745085,0.4801654815673828
1680270140258715910,,0.0,0.0,0.0,,-0.029891809448599815,0.005675605498254357,0.4767778217792511
1680270140272604769,,0.0,0.0,0.0,,-0.027338262647390366,-0.0005960033740847722,0.4741324782371521
1680270140287901442,,0.0,0.0,0.0,,-0.02973433956503868,-0.007234543561935367,0.47273892164230347
1680270140305432615,,0.0,0.0,0.0,,-0.02505503036081791,-0.012318843975663128,0.46965810656547546
1680270140323315275,,0.0,0.0,0.0,,-0.019451254978775978,-0.017482670024037306,0.4651277959346771
1680270140338173698,,0.0,0.0,0.0,,-0.013260598294436932,-0.022196307778358404,0.4602630138397217
1680270140355226246,,0.0,0.0,0.0,,-0.009485870599746704,-0.02607786469161505,0.4547348618507385
1680270140371079810,,0.0,0.0,0.0,,-0.005706703290343285,-0.02957573160529131,0.45043137669563293
1680270140386479506,,0.0,0.0,0.0,,0.006613721139729023,-0.030857272446155493,0.44438257813453674
1680270140402948121,,0.0,0.0,0.0,,0.017473479732871056,-0.03101467341184611,0.43698763847351074
1680270140418320385,,0.0,0.0,0.0,,0.023085234686732292,-0.03193984925746912,0.43204280734062195
1680270140435508647,,0.0,0.0,0.0,,0.03503362834453583,-0.030877377837896295,0.4252478778362274
1680270140454198848,,0.0,0.0,0.0,,0.047687433660030365,-0.02818280830979342,0.4183644950389862
1680270140471330383,,0.0,0.0,0.0,,0.05735514312982559,-0.025343768298625894,0.41242554783821106
1680270140485133562,,0.0,0.0,0.0,,0.06364618241786957,-0.023765791207551908,0.4067137837409973
1680270140502653043,,0.0,0.0,0.0,,0.07021325826644897,-0.02114376798272128,0.4003363251686096
1680270140518542545,,0.0,0.0,0.0,,0.07934112101793289,-0.016511183232068967,0.3940705358982086
1680270140532389436,,0.0,0.0,0.0,,0.08498186618089676,-0.01268015615642066,0.3879553973674774
1680270140552250617,,0.0,0.0,0.0,,0.08782606571912766,-0.01020745933055873,0.38107556104660034
1680270140568194019,,0.0,0.0,0.0,,0.09465058892965317,-0.00587625522166486,0.37485548853874207
1680270140582780924,,0.0,0.0,0.0,,0.09904883801937103,-0.0014882492832839038,0.3678039014339447
1680270140598404870,,0.0,0.0,0.0,,0.10111533105373383,0.001553493551909968,0.36243587732315063
1680270140616365826,,0.0,0.0,0.0,,0.10290133953094482,0.006228927988559051,0.3567461371421814
1680270140631040476,,0.0,0.0,0.0,,0.10509373992681503,0.010690646246075674,0.35111647844314575
1680270140648769138,,0.0,0.0,0.0,,0.10839539021253586,0.015645444393158,0.3441181480884552
1680270140666849558,,0.0,0.0,0.0,,0.10873323678970337,0.020820662379264873,0.339182049036026
1680270140682069167,,0.0,0.0,0.0,,0.10694543272256851,0.023878976702690166,0.33449146151542664
1680270140696178388,,0.0,0.0,0.0,,0.10832393169403076,0.028750319033861202,0.32998594641685486
1680270140712137530,,0.0,0.0,0.0,,0.10862505435943604,0.03222094476222996,0.3245488405227661
1680270140730518062,,0.0,0.0,0.0,,0.1073179617524147,0.03485102206468586,0.3210335671901703
1680270140746628357,,0.0,0.0,0.0,,0.10560183227062225,0.03907316923141484,0.3174084424972534
1680270140763348953,,0.0,0.0,0.0,,0.10316268354654312,0.04185781627893452,0.31353211402893066
1680270140778904470,,0.0,0.0,0.0,,0.09904102981090546,0.04370898753404621,0.3113343119621277
1680270140793516994,,0.0,0.0,0.0,,0.09511657059192657,0.04549190774559978,0.3097717761993408
1680270140809356803,,0.0,0.0,0.0,,0.09324010461568832,0.04823987558484081,0.3067488372325897
1680270140826681579,,0.0,0.0,0.0,,0.0868886411190033,0.049852494150400196,0.30195364356040955
1680270140842171874,,0.0,0.0,0.0,,0.08235107362270355,0.05191046744585041,0.2982847988605499
1680270140858476763,,0.0,0.0,0.0,,0.07695510983467102,0.05379441380500797,0.29501888155937195
1680270140873428040,,0.0,0.0,0.0,,0.07102789729833603,0.053800724446773564,0.29238054156303406
1680270140890007833,,0.0,0.0,0.0,,0.06651990860700607,0.054910879582166706,0.28842175006866455
1680270140908959854,,0.0,0.0,0.0,,0.057690203189849854,0.055011447519063984,0.2844609320163727
1680270140923473482,,0.0,0.0,0.0,,0.0512661412358284,0.05516091734170917,0.2821875512599945
1680270140940966874,,0.0,0.0,0.0,,0.04573696479201317,0.05446422472596172,0.2796197235584259
1680270140961154405,,0.0,0.0,0.0,,0.03464530408382416,0.05306145176291469,0.2778122127056122
1680270140975871184,,0.0,0.0,0.0,,0.028325671330094337,0.052261594682931935,0.2738969027996063
1680270140994290488,,0.0,0.0,0.0,,0.026232384145259857,0.05269762128591541,0.268614262342453
1680270141011206039,,0.0,0.0,0.0,,0.016356518492102623,0.049200948327779805,0.26409390568733215
1680270141027965238,,0.0,0.0,0.0,,0.012022389099001884,0.04813499748706821,0.2607632279396057
1680270141041877662,,0.0,0.0,0.0,,0.0031161445658653975,0.046173702925443684,0.2567504048347473
1680270141060730507,,0.0,0.0,0.0,,-0.00215222779661417,0.0437901206314564,0.250785768032074
1680270141076180025,,0.0,0.0,0.0,,-0.0036714496091008186,0.04172939434647563,0.24636922776699066
1680270141090767121,,0.0,0.0,0.0,,-0.011422287672758102,0.03768174722790721,0.24210016429424286
1680270141108226389,,0.0,0.0,0.0,,-0.017675112932920456,0.0356431528925896,0.23905926942825317
1680270141123548390,,0.0,0.0,0.0,,-0.018269436433911324,0.03294394165277484,0.23533208668231964
1680270141138941253,,0.0,0.0,0.0,,-0.024636343121528625,0.030691202729940442,0.23116716742515564
1680270141159901399,,0.0,0.0,0.0,,-0.026349646970629692,0.028202051296830205,0.2269921451807022
1680270141173919841,,0.0,0.0,0.0,,-0.03181878849864006,0.025102563202381162,0.2247813642024994
1680270141191804094,,0.0,0.0,0.0,,-0.035389527678489685,0.022005548700690297,0.2217089831829071
1680270141205999728,,0.0,0.0,0.0,,-0.036071307957172394,0.019659504294395475,0.21917839348316193
1680270141223069237,,0.0,0.0,0.0,,-0.03956110402941704,0.016671173274517087,0.21572232246398926
1680270141239166397,,0.0,0.0,0.0,,-0.041072141379117966,0.015090242028236415,0.2137071043252945
1680270141256263658,,0.0,0.0,0.0,,-0.04171976447105408,0.013782623223960426,0.21099905669689178
1680270141273448433,,0.0,0.0,0.0,,-0.044643159955739975,0.011644341051578548,0.20827338099479675
1680270141290576772,,0.0,0.0,0.0,,-0.04294738173484802,0.009966419078409696,0.20511510968208313
1680270141307308539,,0.0,0.0,0.0,,-0.04512134939432144,0.008142039179801965,0.203403040766716
1680270141322548376,,0.0,0.0,0.0,,-0.04451483488082886,0.0075446227565408,0.2016473412513733
1680270141340207899,,0.0,0.0,0.0,,-0.04455810785293579,0.006307831034064317,0.19962595403194427
1680270141358529771,,0.0,0.0,0.0,,-0.04383328929543495,0.004494399763643766,0.19806110858917236
1680270141373101166,,0.0,0.0,0.0,,-0.041988372802734375,0.004354921169579053,0.19553852081298828
1680270141391726566,,0.0,0.0,0.0,,-0.04132353514432907,0.0044017704203725095,0.19396857917308807
1680270141410675901,,0.0,0.0,0.0,,-0.039560314267873764,0.0036933715455234285,0.19221968948841095
1680270141423469202,,0.0,0.0,0.0,,-0.03591908514499664,0.00337179517373445,0.19020599126815796
1680270141439500549,,0.0,0.0,0.0,,-0.034389182925224304,0.003402773058041953,0.18810950219631195
1680270141454849590,,0.0,0.0,0.0,,-0.03167813643813133,0.00372870406135919,0.18597301840782166
1680270141469761222,,0.0,0.0,0.0,,-0.029178045690059662,0.0036549845244735705,0.18422946333885193
1680270141490547655,,0.0,0.0,0.0,,-0.02422288991510868,0.004050600808113835,0.18033167719841003
1680270141502893267,,0.0,0.0,0.0,,-0.020552152767777443,0.004489633254706881,0.17691034078598022
1680270141518061460,,0.0,0.0,0.0,,-0.017712824046611786,0.005331652238965055,0.17321693897247314
1680270141532902361,,0.0,0.0,0.0,,-0.014888137578964233,0.006095162127167007,0.16963109374046326
1680270141554726123,,0.0,0.0,0.0,,-0.008899842388927937,0.0072369202971458635,0.16550461947917938
1680270141571671419,,0.0,0.0,0.0,,-0.00600227527320385,0.007802793756127377,0.16079092025756836
1680270141586312316,,0.0,0.0,0.0,,-0.0028587160632014275,0.008126079104840775,0.15799613296985626
1680270141603015059,,0.0,0.0,0.0,,0.0021076754201203585,0.009277306497097034,0.15430143475532532
1680270141620048461,,0.0,0.0,0.0,,0.006341358181089163,0.011445345357060452,0.1503511220216751
1680270141635988847,,0.0,0.0,0.0,,0.01035282388329506,0.01297360751777889,0.14792773127555847
1680270141653476449,,0.0,0.0,0.0,,0.013064824044704437,0.013303244486451166,0.1447552591562271
1680270141669485334,,0.0,0.0,0.0,,0.017393484711647034,0.014357718639075773,0.14251120388507843
1680270141684298603,,0.0,0.0,0.0,,0.02252613566815853,0.015062406659126299,0.14057089388370514
1680270141702874049,,0.0,0.0,0.0,,0.026444021612405777,0.015493891201913374,0.1385400891304016
1680270141721563488,,0.0,0.0,0.0,,0.029805436730384827,0.015881117433309572,0.1376691460609436
1680270141734557294,,0.0,0.0,0.0,,0.032549019902944565,0.01584626734256746,0.13640126585960388
1680270141755366047,,0.0,0.0,0.0,,0.03656436875462532,0.01721723750233652,0.13493500649929047
1680270141770432570,,0.0,0.0,0.0,,0.03734371438622475,0.016836898401379603,0.1339970976114273
1680270141786290512,,0.0,0.0,0.0,,0.0382823720574379,0.01711781322956087,0.13282741606235504
1680270141800014113,,0.0,0.0,0.0,,0.04279245436191559,0.01771013997495176,0.13186587393283844
1680270141813802334,,0.0,0.0,0.0,,0.044033318758010864,0.018100874498486536,0.13105739653110504
1680270141833226758,,0.0,0.0,0.0,,0.04326580464839935,0.017844125628471392,0.1314607560634613
1680270141849729648,,0.0,0.0,0.0,,0.04591015726327896,0.018510907888412493,0.1300029307603836
1680270141864088115,,0.0,0.0,0.0,,0.045214440673589706,0.018752722069621103,0.12908177077770233
1680270141878641017,,0.0,0.0,0.0,,0.04573407396674156,0.017844267189502733,0.1301017552614212
1680270141892348557,,0.0,0.0,0.0,,0.046689145267009735,0.01722142659127714,0.13134396076202393
1680270141910342526,,0.0,0.0,0.0,,0.04359247162938118,0.01744170673191549,0.12888203561306
1680270141925014851,,0.0,0.0,0.0,,0.045776933431625366,0.01902629248797895,0.1273106038570404
1680270141941138711,,0.0,0.0,0.0,,0.0420830175280571,0.0180935673415661,0.12581497430801392
1680270141958622375,,0.0,0.0,0.0,,0.04069569706916809,0.017554238438606276,0.12385547906160355
1680270141973544978,,0.0,0.0,0.0,,0.04048668220639229,0.01734336465597154,0.12272895127534866
1680270141990867190,,0.0,0.0,0.0,,0.033227451145648956,0.014722362160682694,0.12153340131044388
1680270142010062736,,0.0,0.0,0.0,,0.03542725741863251,0.01443730574101211,0.1191604882478714
1680270142026409333,,0.0,0.0,0.0,,0.0318707600235939,0.012404391542077078,0.11752048879861832
1680270142042501233,,0.0,0.0,0.0,,0.030002206563949585,0.010564265772700324,0.11540613323450089
1680270142058182516,,0.0,0.0,0.0,,0.02830558642745018,0.008816532790660872,0.1137421652674675
1680270142072501430,,0.0,0.0,0.0,,0.024185534566640854,0.007275029085576548,0.11180990934371948
1680270142091138291,,0.0,0.0,0.0,,0.021212492138147354,0.0062569230794906755,0.11033812910318375
1680270142110646271,,0.0,0.0,0.0,,0.019102396443486214,0.0031537991017103325,0.10776607692241669
1680270142123943324,,0.0,0.0,0.0,,0.014131136238574982,0.002158728428184999,0.10640231519937515
1680270142138972567,,0.0,0.0,0.0,,0.01538909412920475,0.00042900722473861077,0.10516814887523651
1680270142156465507,,0.0,0.0,0.0,,0.008533550426363945,-0.0025216417852789033,0.10484177619218826
1680270142171877977,,0.0,0.0,0.0,,0.004062168300151825,-0.003737958380952465,0.10309401154518127
1680270142190786907,,0.0,0.0,0.0,,0.004752950742840767,-0.003884435165673482,0.10039044916629791
1680270142206570250,,0.0,0.0,0.0,,-0.0009610685519874096,-0.0053076278418302415,0.09819553792476654
1680270142221280446,,0.0,0.0,0.0,,0.00041981996037065983,-0.004202526994049538,0.09529957175254822
1680270142235002974,,0.0,0.0,0.0,,-0.003291359171271324,-0.0046204938553273565,0.09185072034597397
1680270142251410886,,0.0,0.0,0.0,,-0.009687216021120548,-0.005292856134474266,0.08867786079645157
1680270142264606369,,0.0,0.0,0.0,,-0.006968483328819275,-0.0042070411145687,0.08516494184732437
1680270142283022316,,0.0,0.0,0.0,,-0.013529537245631218,-0.004262618720531453,0.08233046531677246
1680270142301953297,,0.0,0.0,0.0,,-0.012647286057472229,-0.003430244978517284,0.07970316708087921
1680270142316258696,,0.0,0.0,0.0,,-0.01388087309896946,-0.0019403516780584955,0.07735740393400192
1680270142330316271,,0.0,0.0,0.0,,-0.019032157957553864,-0.0017775285523384716,0.0759974867105484
1680270142345992033,,0.0,0.0,0.0,,-0.020105794072151184,-0.0003778217360377222,0.07288940995931625
1680270142362389706,,0.0,0.0,0.0,,-0.023381823673844337,0.0006199171766638844,0.07136687636375427
1680270142378400775,,0.0,0.0,0.0,,-0.02523716911673546,0.0009899868164211598,0.07002773880958557
1680270142394640091,,0.0,0.0,0.0,,-0.025447089225053787,0.003820975311100491,0.06737536191940308
1680270142412862487,,0.0,0.0,0.0,,-0.02855903096497059,0.004528526216745384,0.06687618792057037
1680270142424877010,,0.0,0.0,0.0,,-0.030593670904636383,0.005499705672264107,0.06610847264528275
1680270142441051956,,0.0,0.0,0.0,,-0.02981361374258995,0.007646455429494389,0.06411317735910416
1680270142459024785,,0.0,0.0,0.0,,-0.03289525583386421,0.009492179378867156,0.06313803046941757
1680270142472864412,,0.0,0.0,0.0,,-0.03253167122602463,0.009828431531786926,0.061943475157022476
1680270142491223012,,0.0,0.0,0.0,,-0.032910171896219254,0.010981142520904548,0.06030461564660072
1680270142505219283,,0.0,0.0,0.0,,-0.03462829440832138,0.011820815503597266,0.05911890044808388
1680270142523384833,,0.0,0.0,0.0,,-0.03372422233223915,0.013628461398184306,0.05777313932776451
1680270142539454651,,0.0,0.0,0.0,,-0.03323058411478996,0.0141434594988823,0.056487537920475006
1680270142558252764,,0.0,0.0,0.0,,-0.03280553221702576,0.014761104248464114,0.054924722760915756
1680270142572528607,,0.0,0.0,0.0,,-0.030735095962882042,0.015362220816314227,0.053386587649583817
1680270142591289370,,0.0,0.0,0.0,,-0.033047616481781006,0.01613185182213784,0.05205296352505684
1680270142611121607,,0.0,0.0,0.0,,-0.029206061735749245,0.015680905431509025,0.05029570683836937
1680270142624657817,,0.0,0.0,0.0,,-0.029575742781162262,0.015778196975588805,0.04848490655422211
1680270142640621147,,0.0,0.0,0.0,,-0.027532514184713364,0.01569370366632939,0.04638132080435753
1680270142661364027,,0.0,0.0,0.0,,-0.02392391860485077,0.015413759276270872,0.04332227259874344
1680270142674806842,,0.0,0.0,0.0,,-0.023784738034009933,0.014394180849194532,0.041994091123342514
1680270142691087326,,0.0,0.0,0.0,,-0.022448839619755745,0.013221206143498426,0.03978177160024643
1680270142712761327,,0.0,0.0,0.0,,-0.019612740725278854,0.01246893592178822,0.03696588799357414
1680270142728385183,,0.0,0.0,0.0,,-0.019003618508577347,0.01140596438199282,0.03449912369251251
1680270142744932715,,0.0,0.0,0.0,,-0.015873311087489128,0.010164242237806324,0.031195562332868576
1680270142763319749,,0.0,0.0,0.0,,-0.013849752955138683,0.009804380126297477,0.028729882091283798
1680270142778021469,,0.0,0.0,0.0,,-0.011209029704332352,0.00922492612153292,0.026332976296544075
1680270142792151219,,0.0,0.0,0.0,,-0.007507759146392345,0.008433958515524868,0.023682139813899994
1680270142812146722,,0.0,0.0,0.0,,-0.006324450485408306,0.006068124901503327,0.02170330472290516
1680270142825129847,,0.0,0.0,0.0,,-0.003124312963336706,0.005638611968606713,0.020369617268443108
1680270142842622468,,0.0,0.0,0.0,,-0.0005084294825792313,0.005966052878648045,0.018868064507842064
1680270142862434056,,0.0,0.0,0.0,,0.0019047101959586143,0.004358309321105482,0.016607042402029037
1680270142875377988,,0.0,0.0,0.0,,0.005817975848913193,0.003884340403601529,0.01478000171482563
1680270142892055484,,0.0,0.0,0.0,,0.007666002959012985,0.0027210873086005467,0.01382418442517519
1680270142911887821,,0.0,0.0,0.0,,0.01080097071826458,0.0029148827306926263,0.01191813312470913
1680270142930842316,,0.0,0.0,0.0,,0.014130916446447372,0.002719910349696876,0.010844274424016476
1680270142949487763,,0.0,0.0,0.0,,0.01768864132463932,0.0017516608349978937,0.010154484771192074
1680270142965031418,,0.0,0.0,0.0,,0.020021934062242508,0.0014440329978242527,0.008686426095664501
1680270142980796146,,0.0,0.0,0.0,,0.02108081430196762,0.0008612792007625113,0.00838431902229786
1680270142996024922,,0.0,0.0,0.0,,0.022817537188529968,-0.0004941255319863548,0.008302419446408749
1680270143011547097,,0.0,0.0,0.0,,0.025776488706469536,-0.0004276509862393131,0.007753975223749876
1680270143026453781,,0.0,0.0,0.0,,0.026811260730028152,-0.0013333307579159728,0.00645107589662075
1680270143040898991,,0.0,0.0,0.0,,0.027904581278562546,-0.0025805034674704066,0.006638461723923683
1680270143059412651,,0.0,0.0,0.0,,0.028951523825526237,-0.002734358422458171,0.0059296791441738605
1680270143072702490,,0.0,0.0,0.0,,0.030285697430372238,-0.0030498076230287543,0.0054924641735851765
1680270143088438305,,0.0,0.0,0.0,,0.030876215547323227,-0.003901512129232287,0.004527218639850617
1680270143110467771,,0.0,0.0,0.0,,0.03145740181207657,-0.006002795416861772,0.00467569986358285
1680270143124948869,,0.0,0.0,0.0,,0.03178297355771065,-0.007273428142070769,0.0045634638518095025
1680270143140674474,,0.0,0.0,0.0,,0.03197506442666054,-0.006975547410547733,0.003375231986865402
1680270143159707356,,0.0,0.0,0.0,,0.0297365915030241,-0.008219538256525993,0.001970010809600354
1680270143174549048,,0.0,0.0,0.0,,0.028434325009584427,-0.009045240469276905,0.00041779910679906715
1680270143192540111,,0.0,0.0,0.0,,0.029108334332704544,-0.010149468667805195,-0.0013655609218403684
1680270143205901093,,0.0,0.0,0.0,,0.027397334575653076,-0.0105274748057127,-0.0038680303841829287
1680270143223380900,,0.0,0.0,0.0,,0.02578866481781006,-0.01171836443245411,-0.006868579424917696
1680270143239704934,,0.0,0.0,0.0,,0.02394966408610344,-0.012693388387560846,-0.00870099477469921
1680270143255555664,,0.0,0.0,0.0,,0.0218888521194458,-0.013322180137038233,-0.010711556300520895
1680270143271667141,,0.0,0.0,0.0,,0.019655829295516014,-0.013870367780327799,-0.012888284400105475
1680270143284450172,,0.0,0.0,0.0,,0.01708328351378441,-0.013405775651335718,-0.014563827775418757
1680270143301241992,,0.0,0.0,0.0,,0.014954879879951477,-0.012763077393174173,-0.015996018424630165
1680270143318224308,,0.0,0.0,0.0,,0.011900030076503754,-0.013020204380154611,-0.017927277833223343
1680270143332738377,,0.0,0.0,0.0,,0.009234855882823467,-0.013290092349052431,-0.01919950731098652
1680270143351829387,,0.0,0.0,0.0,,0.007290089502930641,-0.013423883356153967,-0.020745346322655678
1680270143367910557,,0.0,0.0,0.0,,0.004019853658974171,-0.012784074060618881,-0.021945523098111153
1680270143385182696,,0.0,0.0,0.0,,0.0009011090733110905,-0.011918824166059497,-0.023619448766112328
1680270143401115278,,0.0,0.0,0.0,,-0.002023142296820879,-0.011050111614167694,-0.025278804823756218
1680270143418158278,,0.0,0.0,0.0,,-0.005097376182675362,-0.010216970928013328,-0.026242727413773537
1680270143434093224,,0.0,0.0,0.0,,-0.006420250982046127,-0.009946422651410106,-0.02683747000992298
1680270143451215111,,0.0,0.0,0.0,,-0.007947735488414764,-0.00933431833982468,-0.02835109457373619
1680270143465293445,,0.0,0.0,0.0,,-0.011601696722209454,-0.008779897354543213,-0.02926410175859928
1680270143483475235,,0.0,0.0,0.0,,-0.013468002900481224,-0.007206829264760021,-0.030874166637659073
1680270143498955331,,0.0,0.0,0.0,,-0.01540510542690754,-0.006767895072698597,-0.03164099156856537
1680270143512616214,,0.0,0.0,0.0,,-0.01532759889960289,-0.0059515861794352575,-0.03217285871505737
1680270143531061437,,0.0,0.0,0.0,,-0.018264420330524445,-0.006007711403071885,-0.0326957032084465
1680270143548547425,,0.0,0.0,0.0,,-0.019262351095676422,-0.005141272209584717,-0.03296830877661705
1680270143565395540,,0.0,0.0,0.0,,-0.021185927093029022,-0.0039086909964680715,-0.03319765254855156
1680270143580960314,,0.0,0.0,0.0,,-0.021125683560967445,-0.0026495098136365453,-0.03362468630075455
1680270143598954453,,0.0,0.0,0.0,,-0.02289230190217495,-0.0027086157351732297,-0.03442548215389252
1680270143615082030,,0.0,0.0,0.0,,-0.023489635437726974,-0.0011267070658505006,-0.03511067107319832
1680270143631805011,,0.0,0.0,0.0,,-0.023830097168684006,-5.373265594244435e-05,-0.03524075821042061
1680270143651374196,,0.0,0.0,0.0,,-0.024576451629400253,0.0003690065350383475,-0.03693920746445656
1680270143668602131,,0.0,0.0,0.0,,-0.024340201169252396,0.0018173536518588614,-0.038679756224155426
1680270143683157718,,0.0,0.0,0.0,,-0.024589141830801964,0.001841719262301917,-0.03909868746995926
1680270143701777657,,0.0,0.0,0.0,,-0.02457886002957821,0.0034635388292372175,-0.0414726622402668
1680270143716701502,,0.0,0.0,0.0,,-0.023746978491544724,0.004229609388858075,-0.04361163452267647
1680270143735388267,,0.0,0.0,0.0,,-0.02292564883828163,0.004142692312598223,-0.04582325369119644
1680270143753421208,,0.0,0.0,0.0,,-0.022088926285505295,0.005512900184839958,-0.04745309054851532
1680270143771034734,,0.0,0.0,0.0,,-0.021726608276367188,0.005874945316463703,-0.049437813460826874
1680270143789669401,,0.0,0.0,0.0,,-0.020031258463859558,0.00567441433668136,-0.05162939429283142
1680270143804122587,,0.0,0.0,0.0,,-0.019000625237822533,0.0060598691925406395,-0.052821315824985504
1680270143818045590,,0.0,0.0,0.0,,-0.017834719270467758,0.0064878459088504245,-0.053915273398160934
1680270143832267573,,0.0,0.0,0.0,,-0.01739633083343506,0.006522857118397944,-0.055724095553159714
1680270143856823976,,0.0,0.0,0.0,,-0.014855087734758854,0.006635568104684346,-0.05708693712949753
1680270143872626265,,0.0,0.0,0.0,,-0.01261341292411089,0.006395563017576926,-0.0581258088350296
1680270143888669895,,0.0,0.0,0.0,,-0.009914207272231579,0.006056958343833678,-0.05907486379146576
1680270143905544820,,0.0,0.0,0.0,,-0.00943455658853054,0.004877844359725707,-0.059773627668619156
1680270143919231001,,0.0,0.0,0.0,,-0.007161453831940889,0.004579398315399877,-0.06090335175395012
1680270143933211582,,0.0,0.0,0.0,,-0.005504718981683254,0.003954611718654625,-0.06125752255320549
1680270143951544144,,0.0,0.0,0.0,,-0.003627693746238947,0.0028302145656198185,-0.062345992773771286
1680270143968597303,,0.0,0.0,0.0,,-0.0010026595555245876,0.0017525225412100475,-0.06321180611848831
1680270143983363693,,0.0,0.0,0.0,,0.0012972422409802675,0.0013420128962024968,-0.06369321793317795
1680270144001475002,,0.0,0.0,0.0,,0.002916066674515605,-0.00042256433516741585,-0.06416013836860657
1680270144016961339,,0.0,0.0,0.0,,0.003980979323387146,-0.002040572231635459,-0.06460417062044144
1680270144031506386,,0.0,0.0,0.0,,0.004604995250701904,-0.0024981976021081287,-0.06539374589920044
1680270144049047417,,0.0,0.0,0.0,,0.007091532927006483,-0.004960594698786743,-0.06570455431938171
1680270144069033802,,0.0,0.0,0.0,,0.00830414891242981,-0.006877901498228319,-0.06606323271989822
1680270144084022249,,0.0,0.0,0.0,,0.009665421210229397,-0.008266968652606019,-0.0662747249007225
1680270144101413650,,0.0,0.0,0.0,,0.011541797779500484,-0.010120836086571225,-0.0673285573720932
1680270144115374113,,0.0,0.0,0.0,,0.012114821001887321,-0.011193688958883294,-0.06824300438165665
1680270144132669405,,0.0,0.0,0.0,,0.011014765128493309,-0.012652902863919744,-0.06836090981960297
1680270144148666287,,0.0,0.0,0.0,,0.012684179469943047,-0.01448882184922696,-0.06947781890630722
1680270144165195215,,0.0,0.0,0.0,,0.012262200005352497,-0.015265293419361123,-0.06999457627534866
1680270144180839028,,0.0,0.0,0.0,,0.01256611105054617,-0.015943745151162154,-0.07064761966466904
1680270144193391898,,0.0,0.0,0.0,,0.013265910558402538,-0.017417926341295253,-0.07128732651472092
1680270144213229976,,0.0,0.0,0.0,,0.013623816892504692,-0.01788313314318658,-0.07212788611650467
1680270144231184470,,0.0,0.0,0.0,,0.014272480271756649,-0.018312886357307444,-0.07316167652606964
1680270144244812081,,0.0,0.0,0.0,,0.013864738866686821,-0.017729401588439952,-0.07382379472255707
1680270144264803155,,0.0,0.0,0.0,,0.01392063032835722,-0.01877041906118394,-0.07468637824058533
1680270144279309279,,0.0,0.0,0.0,,0.013829111121594906,-0.01889115944504739,-0.07478402554988861
1680270144295070672,,0.0,0.0,0.0,,0.012800274416804314,-0.01832541637122632,-0.0756528303027153
1680270144311313003,,0.0,0.0,0.0,,0.013289548456668854,-0.017450127750635158,-0.07637069374322891
1680270144331037027,,0.0,0.0,0.0,,0.013563374057412148,-0.01684042438864709,-0.07722895592451096
1680270144348867680,,0.0,0.0,0.0,,0.01365495752543211,-0.0159872379153967,-0.07806364446878433
1680270144365299517,,0.0,0.0,0.0,,0.011406172066926956,-0.016020402312278758,-0.07909105718135834
1680270144383410304,,0.0,0.0,0.0,,0.010586407035589218,-0.014845891855657111,-0.07816740870475769
1680270144399563639,,0.0,0.0,0.0,,0.009554250165820122,-0.014326761476695546,-0.07739336043596268
1680270144415588935,,0.0,0.0,0.0,,0.008668052032589912,-0.01324290595948697,-0.07764003425836563
1680270144431831697,,0.0,0.0,0.0,,0.00731671554967761,-0.012744929641485223,-0.07731340825557709
1680270144448640900,,0.0,0.0,0.0,,0.0070315171033144,-0.012677646242082128,-0.07674159854650497
1680270144468433993,,0.0,0.0,0.0,,0.005283924750983715,-0.011245273053646096,-0.07594020664691925
1680270144484631301,,0.0,0.0,0.0,,0.0057898517698049545,-0.01174386404454709,-0.07482821494340897
1680270144500667988,,0.0,0.0,0.0,,0.003948609810322523,-0.012000414542853841,-0.0741264596581459
1680270144514842993,,0.0,0.0,0.0,,0.0020767170935869217,-0.011469789780676374,-0.07411380112171173
1680270144532129899,,0.0,0.0,0.0,,0.0025626353453844786,-0.011524676345288762,-0.07406456023454666
1680270144548460245,,0.0,0.0,0.0,,-0.0003062784671783447,-0.011713539250195035,-0.07317411154508591
1680270144565139835,,0.0,0.0,0.0,,0.0005385810509324074,-0.01080320868641139,-0.07403670996427536
1680270144584413777,,0.0,0.0,0.0,,-0.0013078846968710423,-0.01147707737982274,-0.07542717456817627
1680270144599033233,,0.0,0.0,0.0,,-0.004166249185800552,-0.012224611826241025,-0.0754152238368988
1680270144615128189,,0.0,0.0,0.0,,-0.002236431697383523,-0.011126736178994187,-0.0761999636888504
1680270144632794274,,0.0,0.0,0.0,,-0.0049349404871463776,-0.011717621237039575,-0.07710567861795425
1680270144652641880,,0.0,0.0,0.0,,-0.004601738415658474,-0.012101009488105783,-0.07698303461074829
1680270144665786147,,0.0,0.0,0.0,,-0.005916222929954529,-0.013579326681792745,-0.07693395018577576
1680270144683210540,,0.0,0.0,0.0,,-0.011231372132897377,-0.013711520470678815,-0.07708646357059479
1680270144700993112,,0.0,0.0,0.0,,-0.006672214716672897,-0.011077923700213443,-0.07915791869163513
1680270144713882272,,0.0,0.0,0.0,,-0.010866798460483551,-0.012420539744198333,-0.08049497753381729
1680270144731075883,,0.0,0.0,0.0,,-0.011632809415459633,-0.012414133176207553,-0.08198437839746475
1680270144745263923,,0.0,0.0,0.0,,-0.010269376449286938,-0.010844822973012935,-0.08329757302999496
1680270144764115375,,0.0,0.0,0.0,,-0.013473480939865112,-0.011869333684444438,-0.08447626978158951
1680270144779487078,,0.0,0.0,0.0,,-0.01294378936290741,-0.012573313899338256,-0.08500807732343674
1680270144792883556,,0.0,0.0,0.0,,-0.013101531192660332,-0.012228477746248256,-0.0866256132721901
1680270144808743042,,0.0,0.0,0.0,,-0.015682829543948174,-0.012074070051312457,-0.08731815218925476
1680270144824631662,,0.0,0.0,0.0,,-0.013899650424718857,-0.010894224047660838,-0.08800189942121506
1680270144842398015,,0.0,0.0,0.0,,-0.01398972887545824,-0.011665363796055327,-0.08878590911626816
1680270144856707892,,0.0,0.0,0.0,,-0.016771933063864708,-0.011585996486246596,-0.0895647332072258
1680270144872708672,,0.0,0.0,0.0,,-0.012949271127581596,-0.010282625444233428,-0.091297946870327
1680270144884632045,,0.0,0.0,0.0,,-0.01398866344243288,-0.010127203539013873,-0.0918852835893631
1680270144903338045,,0.0,0.0,0.0,,-0.016220588237047195,-0.010707948356866849,-0.09264438599348068
1680270144918278201,,0.0,0.0,0.0,,-0.012596622109413147,-0.009681006893515599,-0.09290225803852081
1680270144932643442,,0.0,0.0,0.0,,-0.015166654251515865,-0.010277848690748227,-0.09334876388311386
1680270144953419654,,0.0,0.0,0.0,,-0.014081059023737907,-0.01004161033779384,-0.09407655149698257
1680270144968025525,,0.0,0.0,0.0,,-0.012458818033337593,-0.008710685186088097,-0.09534717351198196
1680270144982975259,,0.0,0.0,0.0,,-0.014230865053832531,-0.009297446347773087,-0.09648017585277557
1680270145000615816,,0.0,0.0,0.0,,-0.01122952252626419,-0.008592100813984883,-0.0981442779302597
1680270145015476534,,0.0,0.0,0.0,,-0.011013382114470005,-0.009242722764611256,-0.09907382726669312
1680270145033319320,,0.0,0.0,0.0,,-0.012269512750208378,-0.008375613018870366,-0.10055574029684067
1680270145053125758,,0.0,0.0,0.0,,-0.009009895846247673,-0.0071399426087737205,-0.1022002175450325
1680270145068541133,,0.0,0.0,0.0,,-0.010521059855818748,-0.008392011746764195,-0.10370844602584839
1680270145085822688,,0.0,0.0,0.0,,-0.009464820846915245,-0.007675220258533968,-0.10480808466672897
1680270145101868533,,0.0,0.0,0.0,,-0.006141629070043564,-0.008033259771764292,-0.10708849877119064
1680270145118447695,,0.0,0.0,0.0,,-0.00796806626021862,-0.007798460777848972,-0.10823559015989304
1680270145134526711,,0.0,0.0,0.0,,-0.006283471826463938,-0.006525255739688886,-0.10925421863794327
1680270145151437794,,0.0,0.0,0.0,,-0.006355919875204563,-0.006716974079608931,-0.11081135272979736
1680270145168814868,,0.0,0.0,0.0,,-0.005098159424960613,-0.0063177705742418905,-0.1124022826552391
1680270145183373611,,0.0,0.0,0.0,,-0.002728172345086932,-0.00575874932110311,-0.11330964416265488
1680270145200336460,,0.0,0.0,0.0,,-0.0046453215181827545,-0.006337593775242581,-0.11337251961231232
1680270145218844350,,0.0,0.0,0.0,,-0.0019989963620901108,-0.006322740577161326,-0.11363893002271652
1680270145232944424,,0.0,0.0,0.0,,-0.0012903279857710004,-0.006541081704199328,-0.1142778992652893
1680270145252510864,,0.0,0.0,0.0,,-8.126185275614262e-05,-0.007355942390859141,-0.11477392911911011
1680270145268199250,,0.0,0.0,0.0,,0.001366503071039915,-0.007331586442887797,-0.11455374211072922
1680270145284120832,,0.0,0.0,0.0,,0.0005808994174003601,-0.008085490204393878,-0.11467112600803375
1680270145299616176,,0.0,0.0,0.0,,0.003165175672620535,-0.008174871094524874,-0.1148851066827774
1680270145315669164,,0.0,0.0,0.0,,0.004499679896980524,-0.009112044237554087,-0.1143919825553894
1680270145331376074,,0.0,0.0,0.0,,0.004027171991765499,-0.01087091770023109,-0.1139441654086113
1680270145351665626,,0.0,0.0,0.0,,0.007043169811367989,-0.01196750067174436,-0.11364595592021942
1680270145368704107,,0.0,0.0,0.0,,0.00739741837605834,-0.013938754796981825,-0.11359872668981552
1680270145380075117,,0.0,0.0,0.0,,0.007976698689162731,-0.013948533684015288,-0.11362595856189728
1680270145397526540,,0.0,0.0,0.0,,0.008880306035280228,-0.01461774948984386,-0.11279544234275818
1680270145418683385,,0.0,0.0,0.0,,0.008066032081842422,-0.016451023519039168,-0.11242641508579254
1680270145433205518,,0.0,0.0,0.0,,0.009920760057866573,-0.017737291753292098,-0.11225233227014542
1680270145448771084,,0.0,0.0,0.0,,0.009127853438258171,-0.019989198073744788,-0.11202650517225266
1680270145466923439,,0.0,0.0,0.0,,0.008360510692000389,-0.020674549043178572,-0.11172589659690857
1680270145480304889,,0.0,0.0,0.0,,0.008994486182928085,-0.022062214091420188,-0.11197495460510254
1680270145499163615,,0.0,0.0,0.0,,0.008523139171302319,-0.024176072329282774,-0.11221367120742798
1680270145515591184,,0.0,0.0,0.0,,0.010135987773537636,-0.025153899565339102,-0.11220329999923706
1680270145531850597,,0.0,0.0,0.0,,0.009978790767490864,-0.02606245502829553,-0.11314734816551208
1680270145551817396,,0.0,0.0,0.0,,0.008862890303134918,-0.026518533006310477,-0.11434940248727798
1680270145567920928,,0.0,0.0,0.0,,0.010120799764990807,-0.027086921036243453,-0.1149003654718399
1680270145582638838,,0.0,0.0,0.0,,0.009571912698447704,-0.02853716537356378,-0.11593453586101532
1680270145600941764,,0.0,0.0,0.0,,0.008332568220794201,-0.02960751205682756,-0.11572747677564621
1680270145615751867,,0.0,0.0,0.0,,0.008332322351634502,-0.029989842325449004,-0.1153128445148468
1680270145631967328,,0.0,0.0,0.0,,0.006800246424973011,-0.031130762770771994,-0.11398576200008392
1680270145648737387,,0.0,0.0,0.0,,0.005109595600515604,-0.031050924211740508,-0.11280274391174316
1680270145665368887,,0.0,0.0,0.0,,0.006397616118192673,-0.029719177633523955,-0.11254637688398361
1680270145682637168,,0.0,0.0,0.0,,0.005926266312599182,-0.028674898669123663,-0.11232693493366241
1680270145698708931,,0.0,0.0,0.0,,0.006760621443390846,-0.027683246880769743,-0.11304788291454315
1680270145712111280,,0.0,0.0,0.0,,0.00532631017267704,-0.027374427765607848,-0.11297624558210373
1680270145731367460,,0.0,0.0,0.0,,0.003194906748831272,-0.025466438382864012,-0.11400561779737473
1680270145744851843,,0.0,0.0,0.0,,0.0033525715116411448,-0.023446725681424155,-0.11373855173587799
1680270145761786850,,0.0,0.0,0.0,,9.379698894917965e-05,-0.022635512053966536,-0.11285611987113953
1680270145780755100,,0.0,0.0,0.0,,0.0015970284584909678,-0.01937394589185716,-0.11387908458709717
1680270145795574852,,0.0,0.0,0.0,,-0.00016739405691623688,-0.018591791391372695,-0.11305172741413116
1680270145811056871,,0.0,0.0,0.0,,-0.000936426455155015,-0.0180900562554598,-0.11188198626041412
1680270145824972561,,0.0,0.0,0.0,,-0.001605127821676433,-0.01623160950839521,-0.11149444431066513
1680270145839154308,,0.0,0.0,0.0,,-0.00022976542823016644,-0.012853438034653678,-0.11229509115219116
1680270145857101028,,0.0,0.0,0.0,,-0.003545546904206276,-0.011753200553357615,-0.11434244364500046
1680270145871361893,,0.0,0.0,0.0,,-0.006709546782076359,-0.009933840483427062,-0.11524084955453873
1680270145886764735,,0.0,0.0,0.0,,-0.004813045263290405,-0.0070024626329541345,-0.11623424291610718
1680270145901449433,,0.0,0.0,0.0,,-0.007266577333211899,-0.006076601333916201,-0.11673762649297714
1680270145918904834,,0.0,0.0,0.0,,-0.005805670283734798,-0.0037862758617848305,-0.11898903548717499
1680270145933087703,,0.0,0.0,0.0,,-0.005492102354764938,-0.001998134888708606,-0.12072918564081192
1680270145951838408,,0.0,0.0,0.0,,-0.007472232915461063,-0.0015369041357189567,-0.12148436903953552
1680270145968931691,,0.0,0.0,0.0,,-0.0054093305952847,0.0007439206819981186,-0.1230461522936821
1680270145985129991,,0.0,0.0,0.0,,-0.006568937562406063,0.00012538512237368483,-0.12502068281173706
1680270146001279759,,0.0,0.0,0.0,,-0.008120028302073479,0.0004597064107656324,-0.12643931806087494
1680270146019350211,,0.0,0.0,0.0,,-0.005127680953592062,0.0012045729672536098,-0.1276400089263916
1680270146032241214,,0.0,0.0,0.0,,-0.007449067663401365,0.0007651967462152084,-0.12942497432231903
1680270146053202002,,0.0,0.0,0.0,,-0.00425930880010128,-5.81280328333538e-05,-0.1308257281780243
1680270146068051999,,0.0,0.0,0.0,,-0.004444466903805733,-0.001211390830576436,-0.13230180740356445
1680270146084798604,,0.0,0.0,0.0,,-0.006351771764457226,-0.002437548013404028,-0.13301119208335876
1680270146101856091,,0.0,0.0,0.0,,-0.0037790946662425995,-0.0021067587658763097,-0.13389737904071808
1680270146118040824,,0.0,0.0,0.0,,-0.004169318359345198,-0.0029898164793849156,-0.1347190886735916
1680270146131324252,,0.0,0.0,0.0,,-0.0037056682631373405,-0.004171406850218789,-0.1354246437549591
1680270146151704464,,0.0,0.0,0.0,,-0.0024922420270740986,-0.0054733795113861726,-0.13663484156131744
1680270146165539182,,0.0,0.0,0.0,,-0.004544028080999851,-0.00552774220705034,-0.13628286123275757
1680270146183371398,,0.0,0.0,0.0,,-0.003987104166299105,-0.008032048121094721,-0.13668344914913177
1680270146200530294,,0.0,0.0,0.0,,-0.0027577425353229046,-0.009843451902270334,-0.13762317597866058
1680270146215319006,,0.0,0.0,0.0,,-0.0048795114271342754,-0.01174474600702526,-0.1371755748987198
1680270146232828078,,0.0,0.0,0.0,,-0.002902675187215209,-0.011799540370702761,-0.1380339115858078
1680270146251242532,,0.0,0.0,0.0,,-0.0034169272985309362,-0.01423134561628105,-0.13841991126537323
1680270146267843204,,0.0,0.0,0.0,,-0.002804318442940712,-0.01610528491437437,-0.13804085552692413
1680270146283154866,,0.0,0.0,0.0,,-0.002763165161013603,-0.017373396083712595,-0.13815812766551971
1680270146300818045,,0.0,0.0,0.0,,-0.005315839312970638,-0.019247028976678866,-0.13859428465366364
1680270146315993781,,0.0,0.0,0.0,,-0.002557443454861641,-0.02009593881666662,-0.13887357711791992
1680270146331484127,,0.0,0.0,0.0,,-0.002138672862201929,-0.02162661030888559,-0.13905823230743408
1680270146348119454,,0.0,0.0,0.0,,-0.004610053729265928,-0.023290582001209276,-0.13870717585086823
1680270146364841393,,0.0,0.0,0.0,,-0.002929916838183999,-0.02354793809354307,-0.13763007521629333
1680270146380951527,,0.0,0.0,0.0,,-0.0038390173576772213,-0.025480711832642573,-0.13642705976963043
1680270146395537100,,0.0,0.0,0.0,,-0.004558154381811619,-0.02598307467997076,-0.1359064131975174
1680270146412761880,,0.0,0.0,0.0,,-0.004318191669881344,-0.026930458843708056,-0.13489162921905518
1680270146428928139,,0.0,0.0,0.0,,-0.005538200493901968,-0.0286815967410803,-0.1337914615869522
1680270146443289172,,0.0,0.0,0.0,,-0.004149227868765593,-0.029838053509593027,-0.13228300213813782
1680270146461292458,,0.0,0.0,0.0,,-0.006532670930027962,-0.031025126576423662,-0.13188301026821136
1680270146475027419,,0.0,0.0,0.0,,-0.005961515009403229,-0.030544809997081774,-0.1312015950679779
1680270146491714473,,0.0,0.0,0.0,,-0.004557640757411718,-0.03128072246909143,-0.131348118185997
1680270146508853031,,0.0,0.0,0.0,,-0.005595581606030464,-0.032056022435426726,-0.1311493217945099
1680270146523061408,,0.0,0.0,0.0,,-0.005263637751340866,-0.032537668943405165,-0.13163745403289795
1680270146541440196,,0.0,0.0,0.0,,-0.006146131083369255,-0.03240310773253442,-0.13166992366313934
1680270146557087665,,0.0,0.0,0.0,,-0.006063647102564573,-0.032315786927938475,-0.13317915797233582
1680270146571294850,,0.0,0.0,0.0,,-0.0035784789361059666,-0.03192111104726793,-0.13498654961585999
1680270146591820875,,0.0,0.0,0.0,,-0.003573944792151451,-0.03159441798925401,-0.13517352938652039
1680270146605376952,,0.0,0.0,0.0,,-0.004721470642834902,-0.030776409432292002,-0.13615202903747559
1680270146623362905,,0.0,0.0,0.0,,-0.004882237873971462,-0.029953975230455416,-0.13713353872299194
1680270146643023080,,0.0,0.0,0.0,,-0.004664642736315727,-0.029692010954022425,-0.13889744877815247
1680270146658612932,,0.0,0.0,0.0,,-0.0018561872420832515,-0.02826760336756708,-0.1405472308397293
1680270146673284875,,0.0,0.0,0.0,,-0.0007030440028756857,-0.02566816098988058,-0.14125731587409973
1680270146688048291,,0.0,0.0,0.0,,-0.006690799258649349,-0.02613585628569128,-0.14197516441345215
1680270146705886387,,0.0,0.0,0.0,,-0.0003000376746058464,-0.022755216807127016,-0.14323340356349945
1680270146720714885,,0.0,0.0,0.0,,-0.00010237935930490494,-0.021038381382823008,-0.14401616156101227
1680270146735633981,,0.0,0.0,0.0,,-0.003120082663372159,-0.020665640011429804,-0.14449486136436462
1680270146752959860,,0.0,0.0,0.0,,7.315166294574738e-05,-0.017359400168061274,-0.14473673701286316
1680270146771336614,,0.0,0.0,0.0,,-0.0010050644632428885,-0.01625063084065916,-0.1449531763792038
1680270146788169050,,0.0,0.0,0.0,,0.000436950009316206,-0.014224528335034865,-0.14437466859817505
1680270146803337332,,0.0,0.0,0.0,,0.00021669757552444935,-0.013404046185314673,-0.14442308247089386
1680270146820846314,,0.0,0.0,0.0,,-0.000483744777739048,-0.011709594167768973,-0.14454002678394318
1680270146835670393,,0.0,0.0,0.0,,0.0018836946692317724,-0.008535725995898264,-0.14446108043193817
1680270146853368518,,0.0,0.0,0.0,,0.00039336620829999447,-0.007387559860944765,-0.14474526047706604
1680270146869014824,,0.0,0.0,0.0,,-0.0001529725268483162,-0.0069675501435995275,-0.14384517073631287
1680270146886770998,,0.0,0.0,0.0,,0.0006935908459126949,-0.004555179737508314,-0.14411687850952148
1680270146907005377,,0.0,0.0,0.0,,-0.0009046997874975204,-0.003731737611815351,-0.14378048479557037
1680270146923272675,,0.0,0.0,0.0,,0.0003486133646219969,-0.002239035442471522,-0.1438375860452652
1680270146939460926,,0.0,0.0,0.0,,-3.758212551474571e-05,-0.002298346487805265,-0.14368124306201935
1680270146956044937,,0.0,0.0,0.0,,-0.0005065787117928267,-0.00335762323811652,-0.14166754484176636
1680270146969852634,,0.0,0.0,0.0,,-0.001532035879790783,-0.0023260905873030598,-0.14113950729370117
1680270146991416049,,0.0,0.0,0.0,,-0.00034281774424016476,-0.0014842031523585495,-0.1433921754360199
1680270147005656286,,0.0,0.0,0.0,,-0.001908256090246141,-0.0026894598267972647,-0.14515568315982819
1680270147019894008,,0.0,0.0,0.0,,-0.0009617770556360483,-0.002356341108679789,-0.14533931016921997
1680270147039249724,,0.0,0.0,0.0,,-0.00031973421573638916,-0.001970881130546349,-0.1462794840335846
1680270147053060157,,0.0,0.0,0.0,,-0.0032341135665774345,-0.003801100421696919,-0.14650675654411316
1680270147069873276,,0.0,0.0,0.0,,-0.0008628047071397305,-0.0037676594220102015,-0.1479686051607132
1680270147085086883,,0.0,0.0,0.0,,-0.0004020966589450836,-0.005317527800798434,-0.14927741885185242
1680270147102039714,,0.0,0.0,0.0,,-0.0034813969396054745,-0.006778063252568263,-0.1490929275751114
1680270147118314206,,0.0,0.0,0.0,,-0.0008513981010764837,-0.007604253478348273,-0.14951442182064056
1680270147132846138,,0.0,0.0,0.0,,-0.0013229061150923371,-0.008858398534357567,-0.1500474065542221
1680270147149479622,,0.0,0.0,0.0,,-0.0026740466710180044,-0.009960263967514057,-0.15155787765979767
1680270147165078390,,0.0,0.0,0.0,,-7.405923679471016e-05,-0.010569280013442059,-0.15152546763420105
1680270147180850472,,0.0,0.0,0.0,,-0.0021467364858835936,-0.01263984479010107,-0.15195642411708832
1680270147197617024,,0.0,0.0,0.0,,-0.00015268358401954174,-0.01346279215067627,-0.1527801901102066
1680270147215711410,,0.0,0.0,0.0,,-0.00027901120483875275,-0.014548247680068035,-0.15383340418338776
1680270147233144629,,0.0,0.0,0.0,,-0.0041349660605192184,-0.016725968569517153,-0.15466807782649994
1680270147248151240,,0.0,0.0,0.0,,-0.0006040893495082855,-0.017232336103916186,-0.1555708348751068
1680270147262501633,,0.0,0.0,0.0,,-6.380979903042316e-05,-0.018387431278824827,-0.15636467933654785
1680270147278567925,,0.0,0.0,0.0,,-0.003134126076474786,-0.019638219848275205,-0.15708301961421967
1680270147295822500,,0.0,0.0,0.0,,-0.0024122262839227915,-0.021032128483057043,-0.15767879784107208
1680270147312031550,,0.0,0.0,0.0,,-0.004126570653170347,-0.02280247397720816,-0.15764187276363373
1680270147328077474,,0.0,0.0,0.0,,-0.003338090144097805,-0.022960275411605856,-0.1585794985294342
1680270147343401698,,0.0,0.0,0.0,,-0.003090368118137121,-0.023414846509695074,-0.15837351977825165
1680270147360499590,,0.0,0.0,0.0,,-0.005985725205391645,-0.025416044518351576,-0.1575394868850708
1680270147373173287,,0.0,0.0,0.0,,-0.005571785382926464,-0.026076866313815138,-0.1588563323020935
1680270147392228590,,0.0,0.0,0.0,,-0.004993881098926067,-0.027513716369867346,-0.15904593467712402
1680270147411223520,,0.0,0.0,0.0,,-0.00598512589931488,-0.027533244341611883,-0.1588733047246933
1680270147425198100,,0.0,0.0,0.0,,-0.004906707443296909,-0.027965394780039808,-0.1582232415676117
1680270147441370731,,0.0,0.0,0.0,,-0.005757949780672789,-0.029442746192216894,-0.15765328705310822
1680270147460553233,,0.0,0.0,0.0,,-0.005503278691321611,-0.02963155135512354,-0.1571066826581955
1680270147473522162,,0.0,0.0,0.0,,-0.006268342956900597,-0.030063141137361547,-0.15615969896316528
1680270147489529765,,0.0,0.0,0.0,,-0.007867670617997646,-0.03202665597200396,-0.15611308813095093
1680270147505788728,,0.0,0.0,0.0,,-0.005731549113988876,-0.03161813318729403,-0.15493759512901306
1680270147521600825,,0.0,0.0,0.0,,-0.007671329192817211,-0.031029194593429583,-0.15523271262645721
1680270147535165227,,0.0,0.0,0.0,,-0.007476422004401684,-0.03170166909694674,-0.15465733408927917
1680270147551925488,,0.0,0.0,0.0,,-0.006431713700294495,-0.03193798661231997,-0.15442979335784912
1680270147571673016,,0.0,0.0,0.0,,-0.007101966068148613,-0.032498668879270574,-0.15513335168361664
1680270147585384765,,0.0,0.0,0.0,,-0.005226674489676952,-0.03215278685092928,-0.1553586721420288
1680270147600670978,,0.0,0.0,0.0,,-0.004873127676546574,-0.03141859173774721,-0.15521299839019775
1680270147620374524,,0.0,0.0,0.0,,-0.005025399848818779,-0.03153408318758013,-0.15610164403915405
1680270147636199915,,0.0,0.0,0.0,,-0.004113790113478899,-0.03021467290818693,-0.1557922661304474
1680270147652127699,,0.0,0.0,0.0,,-0.006295780651271343,-0.030461870133876818,-0.1544516384601593
1680270147668308385,,0.0,0.0,0.0,,-0.005013853777199984,-0.028155446052551287,-0.1543877124786377
1680270147683531801,,0.0,0.0,0.0,,-0.0026734317652881145,-0.02717696316540243,-0.1544232964515686
1680270147700097658,,0.0,0.0,0.0,,-0.005038639530539513,-0.026782853528857252,-0.15686307847499847
1680270147715067379,,0.0,0.0,0.0,,-0.002297715749591589,-0.024908341467380544,-0.15942510962486267
1680270147730097864,,0.0,0.0,0.0,,-0.00015515810810029507,-0.023718738928437254,-0.16090920567512512
1680270147748274865,,0.0,0.0,0.0,,-0.002201387658715248,-0.023572234436869642,-0.16277319192886353
1680270147765302585,,0.0,0.0,0.0,,-0.00025209691375494003,-0.02081710472702982,-0.16476768255233765
1680270147779718741,,0.0,0.0,0.0,,-0.002454770728945732,-0.020937545225024244,-0.16552506387233734
1680270147800344212,,0.0,0.0,0.0,,-0.00019391672685742378,-0.019330941140651724,-0.16742320358753204
1680270147817580753,,0.0,0.0,0.0,,-0.001436370424926281,-0.018233545124530813,-0.16824771463871002
1680270147832829226,,0.0,0.0,0.0,,-0.0008208572398871183,-0.016854168847203276,-0.16842639446258545
1680270147850958147,,0.0,0.0,0.0,,0.0018632817082107067,-0.01551389042288067,-0.1683613657951355
1680270147865893384,,0.0,0.0,0.0,,-5.942769348621368e-06,-0.014910483732819578,-0.16792923212051392
1680270147882179006,,0.0,0.0,0.0,,-0.0008983246516436338,-0.013728516176342985,-0.16724753379821777
1680270147897326069,,0.0,0.0,0.0,,0.0018377213273197412,-0.012207983992993852,-0.16616693139076233
1680270147913214268,,0.0,0.0,0.0,,0.00036034337244927883,-0.012644998729228994,-0.16528721153736115
1680270147932032098,,0.0,0.0,0.0,,0.001262805424630642,-0.012517807073891184,-0.16410715878009796
1680270147945297020,,0.0,0.0,0.0,,0.0007128934375941753,-0.01145142875611784,-0.1624746173620224
1680270147957575077,,0.0,0.0,0.0,,-0.00031043775379657745,-0.010282241739332695,-0.16241440176963806
1680270147974161502,,0.0,0.0,0.0,,0.0007377213332802057,-0.010128434747457523,-0.161958247423172
1680270147991046616,,0.0,0.0,0.0,,-0.0005344816017895937,-0.009827610105276127,-0.16116642951965332
1680270148005154725,,0.0,0.0,0.0,,0.0001236198004335165,-0.009890231303870697,-0.16143439710140228
1680270148021417395,,0.0,0.0,0.0,,0.0006996614392846823,-0.007973937317729015,-0.16201290488243103
1680270148037452489,,0.0,0.0,0.0,,-0.001393581391312182,-0.008022185415029545,-0.1620541363954544
1680270148052285054,,0.0,0.0,0.0,,-0.0008806458208709955,-0.008458305150270481,-0.16184943914413452
1680270148071369762,,0.0,0.0,0.0,,-0.001935819280333817,-0.008314817212522049,-0.161623015999794
1680270148091267862,,0.0,0.0,0.0,,-0.0024016504175961018,-0.009361719712615032,-0.1611931324005127
1680270148106226162,,0.0,0.0,0.0,,-0.0005966729950159788,-0.010136006399989147,-0.1602129191160202
1680270148122756352,,0.0,0.0,0.0,,-0.003111563390120864,-0.010419519618153591,-0.1612868458032608
1680270148140017961,,0.0,0.0,0.0,,0.0003231556620448828,-0.008440658450126669,-0.163357675075531
1680270148155981361,,0.0,0.0,0.0,,-0.0027253590524196625,-0.010222462937235853,-0.164156973361969
1680270148173132041,,0.0,0.0,0.0,,-0.0017254191916435957,-0.010743816383183023,-0.16558776795864105
1680270148192628750,,0.0,0.0,0.0,,-0.0014716405421495438,-0.01165221817791464,-0.1664426028728485
1680270148208633247,,0.0,0.0,0.0,,-0.001257212832570076,-0.01303313858807089,-0.167945995926857
1680270148223802271,,0.0,0.0,0.0,,0.0027290480211377144,-0.013609869405627271,-0.17023682594299316
1680270148240098764,,0.0,0.0,0.0,,0.0014432966709136963,-0.015258396975696108,-0.17153888940811157
1680270148253188820,,0.0,0.0,0.0,,7.048482075333595e-06,-0.016538331285119078,-0.17234739661216736
1680270148268473089,,0.0,0.0,0.0,,0.0028761369176208973,-0.017255699262022993,-0.1736382395029068
1680270148284069132,,0.0,0.0,0.0,,0.0019073369912803173,-0.019108310341835043,-0.1740730255842209
1680270148304275599,,0.0,0.0,0.0,,0.0022859072778373957,-0.01963781937956812,-0.17525765299797058
1680270148317357439,,0.0,0.0,0.0,,0.00358814699575305,-0.020596273243427297,-0.1753663867712021
1680270148333253683,,0.0,0.0,0.0,,0.002115845214575529,-0.022755814716219923,-0.17664168775081635
1680270148353284882,,0.0,0.0,0.0,,0.004126834683120251,-0.023626042529940626,-0.17633947730064392
1680270148369628614,,0.0,0.0,0.0,,0.0013333905953913927,-0.024334564805030844,-0.17654527723789215
1680270148387167160,,0.0,0.0,0.0,,0.0012104727793484926,-0.025821680203080198,-0.17665503919124603
1680270148403802597,,0.0,0.0,0.0,,0.003270908258855343,-0.02697022259235384,-0.17646200954914093
1680270148417337414,,0.0,0.0,0.0,,0.00027372059412300587,-0.02835739217698576,-0.17658855020999908
1680270148431817088,,0.0,0.0,0.0,,-0.00032119289971888065,-0.02800741419196131,-0.17676129937171936
1680270148452095279,,0.0,0.0,0.0,,-0.0012082792818546295,-0.029444122686982176,-0.17567728459835052
1680270148468289892,,0.0,0.0,0.0,,-0.0012289580190554261,-0.030331555753946325,-0.17597608268260956
1680270148483044491,,0.0,0.0,0.0,,0.0013157331850379705,-0.029279766604304334,-0.17625510692596436
1680270148500717038,,0.0,0.0,0.0,,-0.0037763253785669804,-0.030921950936317465,-0.17638571560382843
1680270148518830590,,0.0,0.0,0.0,,-0.003957249224185944,-0.030985623598098776,-0.1761791706085205
1680270148531852517,,0.0,0.0,0.0,,-0.003922015428543091,-0.030316518619656584,-0.17605462670326233
1680270148550939450,,0.0,0.0,0.0,,-0.004623988177627325,-0.030726449564099333,-0.1753193736076355
1680270148568708127,,0.0,0.0,0.0,,-0.00470519345253706,-0.03074495866894724,-0.17499148845672607
1680270148584850281,,0.0,0.0,0.0,,-0.005467041861265898,-0.030599914491176626,-0.17424431443214417
1680270148604000943,,0.0,0.0,0.0,,-0.007118049077689648,-0.030434180051088354,-0.1739891618490219
1680270148623927085,,0.0,0.0,0.0,,-0.005509580485522747,-0.029504166916012785,-0.17325636744499207
1680270148640283430,,0.0,0.0,0.0,,-0.0057669151574373245,-0.029061125591397306,-0.1734727919101715
1680270148657945958,,0.0,0.0,0.0,,-0.005956017877906561,-0.027773812413215658,-0.1729518473148346
1680270148672764046,,0.0,0.0,0.0,,-0.005515421740710735,-0.027902640402317068,-0.17250613868236542
1680270148693372174,,0.0,0.0,0.0,,-0.0049214535392820835,-0.027543798089027426,-0.17212998867034912
1680270148710757073,,0.0,0.0,0.0,,-0.003974131308495998,-0.026172300800681135,-0.172340527176857
1680270148724973756,,0.0,0.0,0.0,,-0.005008585751056671,-0.025209395214915296,-0.17187926173210144
1680270148741247216,,0.0,0.0,0.0,,-0.003581187454983592,-0.024565912783145925,-0.17210188508033752
1680270148756347461,,0.0,0.0,0.0,,-0.001312078326009214,-0.02368830516934397,-0.17277157306671143
1680270148773223037,,0.0,0.0,0.0,,-0.0035004201345145702,-0.024030312895774862,-0.17157518863677979
1680270148791242724,,0.0,0.0,0.0,,-0.003582798410207033,-0.02321191504597666,-0.1717870980501175
1680270148805775517,,0.0,0.0,0.0,,-0.0016781861195340753,-0.02148983068764212,-0.17255647480487823
1680270148822186044,,0.0,0.0,0.0,,0.0022537061013281345,-0.019448887556791326,-0.17406919598579407
1680270148840493489,,0.0,0.0,0.0,,0.003758674953132868,-0.02015654742717745,-0.17521418631076813
1680270148853279505,,0.0,0.0,0.0,,0.002085556276142597,-0.020968016237020513,-0.17549188435077667
1680270148870631232,,0.0,0.0,0.0,,0.0005934091750532389,-0.01993693970143797,-0.17486584186553955
1680270148891183816,,0.0,0.0,0.0,,0.001881071599200368,-0.018781745806336424,-0.17505227029323578
1680270148904125484,,0.0,0.0,0.0,,0.0023001977242529392,-0.019796155393123648,-0.17519736289978027
1680270148921229087,,0.0,0.0,0.0,,0.001564124133437872,-0.02138604596257212,-0.17422053217887878
1680270148935570753,,0.0,0.0,0.0,,-0.00045861583203077316,-0.020684294402599356,-0.1747336983680725
1680270148952185331,,0.0,0.0,0.0,,0.0016546035185456276,-0.01974245347082617,-0.1756756454706192
1680270148963933025,,0.0,0.0,0.0,,0.0015463305171579123,-0.020171042531728765,-0.17525725066661835
1680270148979947310,,0.0,0.0,0.0,,2.6291003450751305e-05,-0.020567921921610853,-0.1749093234539032
1680270149000269794,,0.0,0.0,0.0,,0.0008777095936238766,-0.020528411492705366,-0.17423102259635925
1680270149014166308,,0.0,0.0,0.0,,-0.0003135809674859047,-0.020863579586148283,-0.17371341586112976
1680270149031368124,,0.0,0.0,0.0,,-0.0011504498543217778,-0.020853044465184233,-0.17270877957344055
1680270149045562325,,0.0,0.0,0.0,,-0.0036845370195806026,-0.0202258173376322,-0.17326059937477112
1680270149061108244,,0.0,0.0,0.0,,-0.002480660565197468,-0.019635975360870382,-0.17413918673992157
1680270149079667730,,0.0,0.0,0.0,,-0.0056757377460598946,-0.01998230256140234,-0.1731148213148117
1680270149095550810,,0.0,0.0,0.0,,-0.002246975665912032,-0.019107362255454084,-0.17306169867515564
1680270149112054660,,0.0,0.0,0.0,,-0.0020908312872052193,-0.019620398059487364,-0.17330725491046906
1680270149130748668,,0.0,0.0,0.0,,-0.0054815104231238365,-0.020383631810545942,-0.1738373339176178
1680270149144324702,,0.0,0.0,0.0,,0.00016750837676227093,-0.01911151409149172,-0.17462274432182312
1680270149160660339,,0.0,0.0,0.0,,-0.0060079218819737434,-0.01960027962923052,-0.174704447388649
1680270149175170190,,0.0,0.0,0.0,,-0.006039797328412533,-0.020352620631456396,-0.17525173723697662
1680270149193589654,,0.0,0.0,0.0,,-0.0024222536012530327,-0.018959427252411863,-0.1762637048959732
1680270149210315680,,0.0,0.0,0.0,,-0.004987718537449837,-0.018976639956235906,-0.17664141952991486
1680270149226287396,,0.0,0.0,0.0,,-0.0028587309643626213,-0.018979143351316473,-0.1770063191652298
1680270149243876897,,0.0,0.0,0.0,,-0.0016893601277843118,-0.018822848796844503,-0.17742586135864258
1680270149257510329,,0.0,0.0,0.0,,-0.0019621120300143957,-0.01869797706604006,-0.1788453906774521
1680270149273408297,,0.0,0.0,0.0,,0.0001336743589490652,-0.017662709578871748,-0.17970217764377594
1680270149293418496,,0.0,0.0,0.0,,-0.0005556445103138685,-0.01829918846488001,-0.18002426624298096
1680270149310271450,,0.0,0.0,0.0,,9.69558022916317e-05,-0.01820172742009165,-0.18194879591464996
1680270149328631062,,0.0,0.0,0.0,,0.002992307534441352,-0.017458317801356336,-0.18279926478862762
1680270149348162817,,0.0,0.0,0.0,,0.0014409725554287434,-0.01782311312854292,-0.18320700526237488
1680270149362494645,,0.0,0.0,0.0,,0.0036374053452163935,-0.01700024306774142,-0.1842660903930664
1680270149379039121,,0.0,0.0,0.0,,0.002333790762349963,-0.01634476333856585,-0.18497693538665771
1680270149397658159,,0.0,0.0,0.0,,0.003992656245827675,-0.01644913293421271,-0.18616020679473877
1680270149412741984,,0.0,0.0,0.0,,0.0034743475262075663,-0.01630100049078467,-0.18621914088726044
1680270149428274538,,0.0,0.0,0.0,,0.0025533917360007763,-0.016205467283725763,-0.1870354562997818
1680270149444723927,,0.0,0.0,0.0,,0.0058294967748224735,-0.014721422456204914,-0.18813598155975342
1680270149463254939,,0.0,0.0,0.0,,0.005487838294357061,-0.015312413685023807,-0.18891198933124542
1680270149475706911,,0.0,0.0,0.0,,0.0037350119091570377,-0.01576202362775805,-0.1884038746356964
1680270149496150832,,0.0,0.0,0.0,,0.005946007557213306,-0.015474300831556343,-0.18937961757183075
1680270149512311691,,0.0,0.0,0.0,,0.0055617038160562515,-0.01635314524173739,-0.18925826251506805
1680270149532124051,,0.0,0.0,0.0,,0.004770888946950436,-0.016219314187765146,-0.18931198120117188
1680270149545601711,,0.0,0.0,0.0,,0.004684519022703171,-0.01732292398810389,-0.18822823464870453
1680270149559472076,,0.0,0.0,0.0,,0.0034191254526376724,-0.01879954338073733,-0.18794499337673187
1680270149573440604,,0.0,0.0,0.0,,0.003624117933213711,-0.019248211756348634,-0.1870729774236679
1680270149590701972,,0.0,0.0,0.0,,0.0018610572442412376,-0.019392143934965158,-0.18523119390010834
1680270149609334014,,0.0,0.0,0.0,,0.0005839620716869831,-0.02175521291792395,-0.18431705236434937
1680270149625425834,,0.0,0.0,0.0,,0.00047607929445803165,-0.02303711324930193,-0.18251162767410278
1680270149641782379,,0.0,0.0,0.0,,-0.000536120031028986,-0.02344244159758093,-0.18187253177165985
1680270149658826811,,0.0,0.0,0.0,,-0.002108764834702015,-0.02490006759762766,-0.18003129959106445
1680270149673339488,,0.0,0.0,0.0,,-0.0038543285336345434,-0.027000956237316152,-0.18037019670009613
1680270149692028576,,0.0,0.0,0.0,,-0.005595513619482517,-0.027575092390179655,-0.1803760677576065
1680270149705463817,,0.0,0.0,0.0,,-0.0059494501911103725,-0.027593081817030927,-0.17919108271598816
1680270149720297294,,0.0,0.0,0.0,,-0.007748904637992382,-0.029242318123579046,-0.1784721314907074
1680270149735349790,,0.0,0.0,0.0,,-0.008457228541374207,-0.03006812371313574,-0.1785133183002472
1680270149750299884,,0.0,0.0,0.0,,-0.009356025606393814,-0.02992345765233042,-0.17932461202144623
1680270149764658843,,0.0,0.0,0.0,,-0.0096097681671381,-0.030700208619236967,-0.18031089007854462
1680270149781154108,,0.0,0.0,0.0,,-0.011237422935664654,-0.03119792416691782,-0.17900170385837555
1680270149800315249,,0.0,0.0,0.0,,-0.013172788545489311,-0.03204994276165964,-0.1785229742527008
1680270149820249116,,0.0,0.0,0.0,,-0.009949398227036,-0.03105662390589716,-0.17928431928157806
1680270149832326908,,0.0,0.0,0.0,,-0.011651708744466305,-0.031661733984947225,-0.17925363779067993
1680270149849431142,,0.0,0.0,0.0,,-0.008583825081586838,-0.03102727606892588,-0.17985601723194122
1680270149865212942,,0.0,0.0,0.0,,-0.009803378023207188,-0.030623210594058058,-0.18005819618701935
1680270149881924802,,0.0,0.0,0.0,,-0.009193763136863708,-0.0308918319642544,-0.17909002304077148
1680270149899284484,,0.0,0.0,0.0,,-0.007822958752512932,-0.02885682135820391,-0.17859061062335968
1680270149914584693,,0.0,0.0,0.0,,-0.0067092739045619965,-0.028581777587533018,-0.17906954884529114
1680270149932039192,,0.0,0.0,0.0,,-0.007850086316466331,-0.028220079839229605,-0.17876075208187103
1680270149945539224,,0.0,0.0,0.0,,-0.00496804341673851,-0.02699197828769686,-0.17910604178905487
1680270149959070806,,0.0,0.0,0.0,,-0.005614572204649448,-0.026397930458188078,-0.1788998395204544
1680270149976151596,,0.0,0.0,0.0,,-0.005117061547935009,-0.025320542976260206,-0.1787119060754776
1680270149993543047,,0.0,0.0,0.0,,-0.003505036700516939,-0.023685997352004072,-0.17911459505558014
1680270150009484416,,0.0,0.0,0.0,,-0.003437688807025552,-0.022694267332553884,-0.17943735420703888
1680270150028857885,,0.0,0.0,0.0,,-0.000797145301476121,-0.021694691851735136,-0.1792147159576416
1680270150044294269,,0.0,0.0,0.0,,-0.0003542595077306032,-0.020999498665332815,-0.17816153168678284
1680270150055423166,,0.0,0.0,0.0,,0.0004749640356749296,-0.0205429792404175,-0.176884263753891
1680270150072182054,,0.0,0.0,0.0,,0.0007842814084142447,-0.019814282655715963,-0.17584620416164398
1680270150091428224,,0.0,0.0,0.0,,0.004719269461929798,-0.016118530184030554,-0.17829053103923798
1680270150104532005,,0.0,0.0,0.0,,0.0022959038615226746,-0.01588134840130808,-0.17910777032375336
1680270150124088256,,0.0,0.0,0.0,,0.002990391105413437,-0.01493306737393143,-0.1795327067375183
1680270150137732297,,0.0,0.0,0.0,,0.006714574992656708,-0.013074353337287925,-0.1797448992729187
1680270150153295919,,0.0,0.0,0.0,,0.004718529060482979,-0.013741035014390968,-0.18087492883205414
1680270150170723277,,0.0,0.0,0.0,,0.006167107727378607,-0.013174174353480362,-0.1817322075366974
1680270150189352253,,0.0,0.0,0.0,,0.006877333857119083,-0.011933157220482849,-0.1830245405435562
1680270150206057421,,0.0,0.0,0.0,,0.0067468686029314995,-0.012239843606948875,-0.18408016860485077
1680270150223641292,,0.0,0.0,0.0,,0.0084228515625,-0.011277832090854667,-0.18461811542510986
1680270150241599273,,0.0,0.0,0.0,,0.006772914901375771,-0.01190973445773127,-0.18605086207389832
1680270150256218959,,0.0,0.0,0.0,,0.007358093746006489,-0.012202981859445594,-0.1866215616464615
1680270150272174134,,0.0,0.0,0.0,,0.00772805605083704,-0.0111656114459038,-0.1876869648694992
1680270150292119883,,0.0,0.0,0.0,,0.005158691667020321,-0.012707876041531585,-0.1886192411184311
1680270150304954901,,0.0,0.0,0.0,,0.006488837767392397,-0.012231691740453266,-0.18940110504627228
1680270150321286770,,0.0,0.0,0.0,,0.00491525512188673,-0.012145124375820182,-0.1900603473186493
1680270150337288743,,0.0,0.0,0.0,,0.005141088273376226,-0.01272261515259745,-0.19039249420166016
1680270150353895496,,0.0,0.0,0.0,,0.005244184285402298,-0.012632681056857132,-0.1904447078704834
1680270150371950037,,0.0,0.0,0.0,,0.0028379608411341906,-0.013088651001453422,-0.19048207998275757
1680270150389373198,,0.0,0.0,0.0,,0.00297825550660491,-0.013006666675210022,-0.190068319439888
1680270150404846742,,0.0,0.0,0.0,,0.0025392884854227304,-0.013729266822338127,-0.1894468367099762
1680270150421397490,,0.0,0.0,0.0,,0.00019705668091773987,-0.014928415417671226,-0.18971417844295502
1680270150436125599,,0.0,0.0,0.0,,0.0016072248108685017,-0.015117360278964065,-0.1894570291042328
1680270150451422383,,0.0,0.0,0.0,,0.0005405561532825232,-0.015586000867188,-0.18992985785007477
1680270150465161432,,0.0,0.0,0.0,,-0.00044136657379567623,-0.016645403578877473,-0.1893152892589569
1680270150481298246,,0.0,0.0,0.0,,0.00029604719020426273,-0.016934616491198564,-0.18943555653095245
1680270150498999296,,0.0,0.0,0.0,,0.0008588009513914585,-0.01717416383326056,-0.18933820724487305
1680270150512495070,,0.0,0.0,0.0,,-0.0007116096094250679,-0.01830433122813704,-0.18909573554992676
1680270150528382769,,0.0,0.0,0.0,,-0.0021083434112370014,-0.01927002146840098,-0.18903470039367676
1680270150544394329,,0.0,0.0,0.0,,-0.0020322531927376986,-0.019863290712237382,-0.18904338777065277
1680270150560743059,,0.0,0.0,0.0,,-0.002114631235599518,-0.01982645504176619,-0.18979492783546448
1680270150575309977,,0.0,0.0,0.0,,-0.0018548686057329178,-0.020562371239066148,-0.1899825930595398
1680270150595199751,,0.0,0.0,0.0,,-0.005116022191941738,-0.023611713200807596,-0.18968893587589264
1680270150611273638,,0.0,0.0,0.0,,-0.00440689641982317,-0.02355234138667586,-0.1897343099117279
1680270150628193066,,0.0,0.0,0.0,,-0.003034329041838646,-0.02489818632602694,-0.1889672428369522
1680270150642530585,,0.0,0.0,0.0,,-0.005575480405241251,-0.02580177411437037,-0.18895868957042694
1680270150660956030,,0.0,0.0,0.0,,-0.004833532962948084,-0.027240613475441957,-0.1886541098356247
1680270150675030617,,0.0,0.0,0.0,,-0.005659697577357292,-0.028614219278097177,-0.1879754364490509
1680270150693482291,,0.0,0.0,0.0,,-0.005097007378935814,-0.02804106473922732,-0.1883123219013214
1680270150710515523,,0.0,0.0,0.0,,-0.004848424345254898,-0.028694724664092088,-0.18796773254871368
1680270150725195652,,0.0,0.0,0.0,,-0.006012436933815479,-0.029978681355714822,-0.18757109344005585
1680270150741383601,,0.0,0.0,0.0,,-0.004442899022251368,-0.030234467238187814,-0.1872635781764984
1680270150758177225,,0.0,0.0,0.0,,-0.004469138570129871,-0.03058719448745253,-0.18714885413646698
1680270150773413865,,0.0,0.0,0.0,,-0.005616809241473675,-0.031151100993156457,-0.18700774013996124
1680270150791575907,,0.0,0.0,0.0,,-0.004022769629955292,-0.031230481341481233,-0.18755555152893066
1680270150808783995,,0.0,0.0,0.0,,-0.0021254525054246187,-0.030678855255246187,-0.18763862550258636
1680270150824458305,,0.0,0.0,0.0,,-0.0010942216031253338,-0.029864933341741586,-0.1881764978170395
1680270150840371711,,0.0,0.0,0.0,,-0.0014717079466208816,-0.030701404437422777,-0.18790915608406067
1680270150855560132,,0.0,0.0,0.0,,-0.002210505772382021,-0.030973814427852655,-0.18812406063079834
1680270150871657722,,0.0,0.0,0.0,,-4.946254193782806e-06,-0.029991675168275857,-0.18727506697177887
1680270150891251703,,0.0,0.0,0.0,,0.000364791601896286,-0.02899570763111117,-0.1857982575893402
1680270150910107133,,0.0,0.0,0.0,,-0.0017322881612926722,-0.02877694927155974,-0.18518833816051483
1680270150927112602,,0.0,0.0,0.0,,0.0002851267345249653,-0.02680972218513491,-0.1837705671787262
1680270150943474026,,0.0,0.0,0.0,,-0.0002627703361213207,-0.025332940742373487,-0.18282048404216766
1680270150962026710,,0.0,0.0,0.0,,-0.0011506187729537487,-0.024044789373874685,-0.18144981563091278
1680270150972858400,,0.0,0.0,0.0,,-0.0007427225355058908,-0.023778468370437643,-0.18032792210578918
1680270150993931969,,0.0,0.0,0.0,,-0.0013038137694820762,-0.022419705986976644,-0.180470809340477
1680270151012008683,,0.0,0.0,0.0,,-0.0008479261305183172,-0.02123832702636721,-0.17983004450798035
1680270151025401173,,0.0,0.0,0.0,,-0.002293928759172559,-0.02154894731938841,-0.17917512357234955
1680270151042508964,,0.0,0.0,0.0,,-0.0023058541119098663,-0.020901147276163122,-0.1778535097837448
1680270151058208180,,0.0,0.0,0.0,,-0.002770401770249009,-0.02088358998298647,-0.17713472247123718
1680270151074066272,,0.0,0.0,0.0,,-0.004600694868713617,-0.019319435581564924,-0.17677153646945953
1680270151092350493,,0.0,0.0,0.0,,-0.003011109307408333,-0.01780158653855326,-0.17700648307800293
1680270151109020225,,0.0,0.0,0.0,,-0.005763595458120108,-0.017711082473397276,-0.17823481559753418
1680270151128205291,,0.0,0.0,0.0,,-0.002651086077094078,-0.016900693997740766,-0.17920273542404175
1680270151142362853,,0.0,0.0,0.0,,-0.004467349499464035,-0.01688488945364954,-0.17997775971889496
1680270151158343395,,0.0,0.0,0.0,,-0.005967602599412203,-0.01756741851568224,-0.18104642629623413
1680270151175511108,,0.0,0.0,0.0,,-0.0034817762207239866,-0.015882190316915533,-0.18261724710464478
1680270151192823181,,0.0,0.0,0.0,,-0.004971127025783062,-0.016671214252710363,-0.18326875567436218
1680270151210709778,,0.0,0.0,0.0,,-0.00367725919932127,-0.01732418686151507,-0.1850147843360901
1680270151228194153,,0.0,0.0,0.0,,-0.0035691247321665287,-0.017236813902854944,-0.18617944419384003
1680270151242226601,,0.0,0.0,0.0,,-0.003916807007044554,-0.01759726740419867,-0.18648771941661835
1680270151261133847,,0.0,0.0,0.0,,-0.0022148345597088337,-0.017812047153711343,-0.18683697283267975
1680270151277797377,,0.0,0.0,0.0,,-0.0037903315387666225,-0.019086146727204347,-0.18818870186805725
1680270151294974116,,0.0,0.0,0.0,,-0.0017858254723250866,-0.019302688539028192,-0.1888742297887802
1680270151311529734,,0.0,0.0,0.0,,0.0004738753195852041,-0.01878594979643824,-0.18849888443946838
1680270151330474491,,0.0,0.0,0.0,,-0.0002936120145022869,-0.019696261733770395,-0.18831747770309448
1680270151348469451,,0.0,0.0,0.0,,0.00022156606428325176,-0.019787911325693155,-0.18771708011627197
1680270151362722231,,0.0,0.0,0.0,,-0.00046888296492397785,-0.019406896084547067,-0.18703016638755798
1680270151381004959,,0.0,0.0,0.0,,0.0005612100940197706,-0.018662175163626695,-0.18532276153564453
1680270151397779537,,0.0,0.0,0.0,,0.0014219647273421288,-0.019427152350544954,-0.18479785323143005
1680270151413782590,,0.0,0.0,0.0,,0.0003099404275417328,-0.018979286774992964,-0.1840188205242157
1680270151430688613,,0.0,0.0,0.0,,0.0016248926986008883,-0.01698261871933939,-0.18301287293434143
1680270151444479039,,0.0,0.0,0.0,,0.0017747594974935055,-0.01684960536658766,-0.1820279359817505
1680270151463064413,,0.0,0.0,0.0,,0.0011284558568149805,-0.016943180933594724,-0.18159140646457672
1680270151478874546,,0.0,0.0,0.0,,0.001324823359027505,-0.01629428565502169,-0.1821235865354538
1680270151498292027,,0.0,0.0,0.0,,0.002389873843640089,-0.015146723017096542,-0.18168649077415466
1680270151513393896,,0.0,0.0,0.0,,0.001855142880231142,-0.014136148616671585,-0.1818295419216156
1680270151532825042,,0.0,0.0,0.0,,0.0020114171784371138,-0.01351653039455416,-0.18293552100658417
1680270151548815132,,0.0,0.0,0.0,,0.001759558217599988,-0.01367230620235207,-0.1827172040939331
1680270151565063385,,0.0,0.0,0.0,,0.0007700840942561626,-0.014152474701404594,-0.18224835395812988
1680270151581020162,,0.0,0.0,0.0,,0.0025640223175287247,-0.015603017061948799,-0.18042626976966858
1680270151599297059,,0.0,0.0,0.0,,0.0002615686971694231,-0.01693849265575411,-0.1764788031578064
1680270151615552736,,0.0,0.0,0.0,,3.8279686123132706e-05,-0.016490114852786085,-0.17318156361579895
1680270151630591486,,0.0,0.0,0.0,,0.005031786859035492,-0.01499873772263529,-0.1714874804019928
1680270151648470509,,0.0,0.0,0.0,,-0.0011986915487796068,-0.016449984163045904,-0.1698521077632904
1680270151662263489,,0.0,0.0,0.0,,-0.009378481656312943,-0.01849067583680155,-0.167481929063797
1680270151681495834,,0.0,0.0,0.0,,0.005813032388687134,-0.0155178736895323,-0.16542404890060425
1680270151699947518,,0.0,0.0,0.0,,-0.0029936882201582193,-0.01795264519751074,-0.16049247980117798
1680270151713068812,,0.0,0.0,0.0,,0.001266669249162078,-0.018060537055134794,-0.15854819118976593
1680270151730328176,,0.0,0.0,0.0,,0.0007693462539464235,-0.01841435208916666,-0.15539531409740448
1680270151748172795,,0.0,0.0,0.0,,-0.0060026515275239944,-0.02076335810124876,-0.15106432139873505
1680270151767459100,,0.0,0.0,0.0,,0.003003670135512948,-0.01852726750075819,-0.14755627512931824
1680270151780587287,,0.0,0.0,0.0,,-0.0007752743549644947,-0.020972944796085375,-0.14434076845645905
1680270151800962439,,0.0,0.0,0.0,,-0.005552861839532852,-0.025779480114579218,-0.1355218142271042
1680270151812952506,,0.0,0.0,0.0,,-0.0029438568744808435,-0.02574825473129751,-0.12969574332237244
1680270151830176173,,0.0,0.0,0.0,,-0.0018218456534668803,-0.02632188051939012,-0.12148106843233109
1680270151844637494,,0.0,0.0,0.0,,-0.004258797504007816,-0.027134915813803687,-0.11320187896490097
1680270151862238407,,0.0,0.0,0.0,,-0.0032867062836885452,-0.027176167815923705,-0.10380993038415909
1680270151880358952,,0.0,0.0,0.0,,-0.004912673495709896,-0.028791602700948726,-0.09673101454973221
1680270151899453288,,0.0,0.0,0.0,,-0.0027325886767357588,-0.02901362068951131,-0.08665488660335541
1680270151915099945,,0.0,0.0,0.0,,-0.0017994190566241741,-0.028691427782177936,-0.0811007171869278
1680270151932076280,,0.0,0.0,0.0,,-0.007515366654843092,-0.02963431179523469,-0.0769471675157547
1680270151948996169,,0.0,0.0,0.0,,-0.0034441701136529446,-0.02838858962059022,-0.07243631035089493
1680270151965921418,,0.0,0.0,0.0,,-0.006283947732299566,-0.02787581644952298,-0.06744704395532608
1680270151982236807,,0.0,0.0,0.0,,-0.006004898808896542,-0.026976989582180984,-0.06438650190830231
1680270151998902981,,0.0,0.0,0.0,,-0.0033912446815520525,-0.024891335517168052,-0.06012062728404999
1680270152015490379,,0.0,0.0,0.0,,-0.009168521501123905,-0.024089219048619277,-0.0555754117667675
1680270152030227034,,0.0,0.0,0.0,,-0.0047469791024923325,-0.02256684191524983,-0.051752179861068726
1680270152048796368,,0.0,0.0,0.0,,-0.005114209838211536,-0.019748611375689513,-0.04753739386796951
1680270152066198700,,0.0,0.0,0.0,,-0.008287441916763783,-0.01905334927141667,-0.04489228129386902
1680270152081610638,,0.0,0.0,0.0,,-0.005355827510356903,-0.016308795660734184,-0.04288719967007637
1680270152097990186,,0.0,0.0,0.0,,-0.007744751870632172,-0.015300604514777666,-0.03959255293011665
1680270152115424728,,0.0,0.0,0.0,,-0.004480164498090744,-0.012620651163160806,-0.03669024631381035
1680270152131521597,,0.0,0.0,0.0,,-0.004749474581331015,-0.010682958178222183,-0.03395660221576691
1680270152148620521,,0.0,0.0,0.0,,-0.008489320054650307,-0.008911991491913799,-0.03057483769953251
1680270152162921181,,0.0,0.0,0.0,,-0.005819047801196575,-0.0062234252691268956,-0.028578588739037514
1680270152177884991,,0.0,0.0,0.0,,-0.006646181456744671,-0.003855924122035507,-0.026799112558364868
1680270152195936216,,0.0,0.0,0.0,,-0.00754955317825079,-0.001169809838756922,-0.024385016411542892
1680270152211145365,,0.0,0.0,0.0,,-0.006153956521302462,0.0007583876140415641,-0.022368723526597023
1680270152228516829,,0.0,0.0,0.0,,-0.008203601464629173,0.0028130228165537093,-0.020034102723002434
1680270152246297759,,0.0,0.0,0.0,,-0.008054693229496479,0.004492372274398801,-0.018505623564124107
1680270152262651519,,0.0,0.0,0.0,,-0.005823497660458088,0.006983716040849684,-0.01687472313642502
1680270152278397622,,0.0,0.0,0.0,,-0.009571167640388012,0.008621783927083014,-0.014717573300004007
1680270152298186929,,0.0,0.0,0.0,,-0.006658945232629776,0.010383780114352701,-0.012746015563607218
1680270152313040623,,0.0,0.0,0.0,,-0.007037417963147163,0.01121307350695133,-0.01165315415710211
1680270152330250624,,0.0,0.0,0.0,,-0.007669695187360048,0.013173244893550871,-0.009560610167682173
1680270152344799278,,0.0,0.0,0.0,,-0.007201470900326967,0.013608520850539207,-0.0070583410561084765
1680270152360768639,,0.0,0.0,0.0,,-0.007451846729964018,0.014571044594049454,-0.005123456008732321
1680270152374357197,,0.0,0.0,0.0,,-0.005336481146514416,0.015034550800919533,-0.0029651289805769938
1680270152393069349,,0.0,0.0,0.0,,-0.004175563342869282,0.015314008109271526,-0.0007880501798354108
1680270152410181748,,0.0,0.0,0.0,,-0.005071328021585941,0.01498466357588768,0.001010436797514556
1680270152428559444,,0.0,0.0,0.0,,-0.00283122924156487,0.014810634776949883,0.003469278570264576
1680270152446226982,,0.0,0.0,0.0,,-0.002510841004550457,0.013590154238045216,0.006146962288767098
1680270152462324983,,0.0,0.0,0.0,,-0.0011158783454447985,0.013362737372517587,0.008748244494199751
1680270152480745018,,0.0,0.0,0.0,,-0.0008671965915709734,0.011891138739883901,0.0111817829310894
1680270152500789021,,0.0,0.0,0.0,,0.0007104086689651012,0.01060133706778288,0.013456663116812704
1680270152516836719,,0.0,0.0,0.0,,0.0029633326921612024,0.010294578969478609,0.01551199797540903
1680270152532923870,,0.0,0.0,0.0,,0.0028803315944969654,0.008899332955479624,0.0163770392537117
1680270152548876771,,0.0,0.0,0.0,,0.0033907268662005663,0.008067557588219644,0.01749567501246929
1680270152563403744,,0.0,0.0,0.0,,0.006721663288772106,0.007897654548287393,0.018581805750727654
1680270152581167882,,0.0,0.0,0.0,,0.006161465309560299,0.006245159544050696,0.020374566316604614
1680270152598081860,,0.0,0.0,0.0,,0.008426753804087639,0.004860152490437033,0.021227313205599785
1680270152612517602,,0.0,0.0,0.0,,0.00808868370950222,0.0044110836461186435,0.022804217413067818
1680270152628241864,,0.0,0.0,0.0,,0.010297020897269249,0.0036783530376851585,0.023001838475465775
1680270152648650569,,0.0,0.0,0.0,,0.010675100609660149,0.0025115578901022703,0.02438131906092167
1680270152665540913,,0.0,0.0,0.0,,0.010656093247234821,0.0014861531089991361,0.024948056787252426
1680270152681267630,,0.0,0.0,0.0,,0.011556527577340603,0.0015050373040139708,0.02580173686146736
1680270152698316029,,0.0,0.0,0.0,,0.01118406467139721,-5.417596548795377e-05,0.026374569162726402
1680270152712703151,,0.0,0.0,0.0,,0.011967739090323448,-0.00014461996033787386,0.027826104313135147
1680270152730417275,,0.0,0.0,0.0,,0.013188020326197147,-0.00035842508077621113,0.02849145419895649
1680270152748551596,,0.0,0.0,0.0,,0.010965229943394661,-0.0008924645371735059,0.030171116814017296
1680270152764243338,,0.0,0.0,0.0,,0.010050236247479916,-0.0019209596794098579,0.030834998935461044
1680270152780879015,,0.0,0.0,0.0,,0.010897045955061913,-0.00153663218952715,0.0315050333738327
1680270152800293651,,0.0,0.0,0.0,,0.010494586080312729,-0.0002970884088426788,0.032675471156835556
1680270152816295924,,0.0,0.0,0.0,,0.008471490815281868,-0.0010862264316528994,0.03338374197483063
1680270152830599139,,0.0,0.0,0.0,,0.007242522202432156,-0.0019915876910090403,0.03409140184521675
1680270152848310107,,0.0,0.0,0.0,,0.008301496505737305,-0.000673908274620767,0.03603335842490196
1680270152862590579,,0.0,0.0,0.0,,0.006834682077169418,-0.0007808692753314926,0.036810364574193954
1680270152878458371,,0.0,0.0,0.0,,0.00711089838296175,0.0007763549219816968,0.03666207566857338
1680270152898087958,,0.0,0.0,0.0,,0.004168899264186621,-4.405644722282436e-05,0.03677669167518616
1680270152911913018,,0.0,0.0,0.0,,0.00598849356174469,-0.00045804842375218413,0.037222348153591156
1680270152927581606,,0.0,0.0,0.0,,0.006158237811177969,-0.0005015290807932569,0.03805440664291382
1680270152942710285,,0.0,0.0,0.0,,-0.00237356498837471,-0.0018698757048696232,0.039609286934137344
1680270152961365149,,0.0,0.0,0.0,,0.0017172370571643114,-0.0015978135634213636,0.04060610011219978
1680270152974998812,,0.0,0.0,0.0,,-0.001226754393428564,-0.0017944313585758157,0.043170198798179626
1680270152993368312,,0.0,0.0,0.0,,0.00027279765345156193,-0.0019180797971785014,0.04457100108265877
1680270153010826798,,0.0,0.0,0.0,,-0.0018635522574186325,-0.002416691277176136,0.04573153704404831
1680270153025314649,,0.0,0.0,0.0,,-0.006430415436625481,-0.0027228621765971127,0.04716362804174423
1680270153042756824,,0.0,0.0,0.0,,-0.0027868954930454493,-0.00163710862398147,0.04766468331217766
1680270153058905461,,0.0,0.0,0.0,,-0.0047432733699679375,-0.002644053427502507,0.04873879626393318
1680270153073234644,,0.0,0.0,0.0,,-0.008257968351244926,-0.0040199095383286415,0.050853461027145386
1680270153091301238,,0.0,0.0,0.0,,-0.005436788313090801,-0.0026944940909743244,0.052397970110177994
1680270153109803256,,0.0,0.0,0.0,,-0.008667769841849804,-0.00290254759602248,0.05421587452292442
1680270153125648154,,0.0,0.0,0.0,,-0.008150538429617882,-0.0035787522792816093,0.055326998233795166
1680270153142790640,,0.0,0.0,0.0,,-0.008711135014891624,-0.004110636189579957,0.05760612711310387
1680270153160872672,,0.0,0.0,0.0,,-0.010693462565541267,-0.004048227798193686,0.058976609259843826
1680270153178056405,,0.0,0.0,0.0,,-0.008637545630335808,-0.0027440893463790343,0.06087610498070717
1680270153195333161,,0.0,0.0,0.0,,-0.009636851027607918,-0.002780903596431009,0.06290604174137115
1680270153213348449,,0.0,0.0,0.0,,-0.010229571722447872,-0.0020491555333137434,0.06420187652111053
1680270153228265101,,0.0,0.0,0.0,,-0.00928394217044115,-0.000953016337007276,0.0663997083902359
1680270153242775854,,0.0,0.0,0.0,,-0.009697172790765762,-0.0009753329213708557,0.06753267347812653
1680270153261648645,,0.0,0.0,0.0,,-0.009288638830184937,-0.0002651356626301921,0.067917600274086
1680270153272769938,,0.0,0.0,0.0,,-0.008468523621559143,0.0013829350937157952,0.0678175538778305
1680270153291363277,,0.0,0.0,0.0,,-0.010220452211797237,0.0015912158414721574,0.06922818720340729
1680270153308138065,,0.0,0.0,0.0,,-0.006492353044450283,0.0037202523089945403,0.06936856359243393
1680270153324434057,,0.0,0.0,0.0,,-0.008391987532377243,0.005624465644359597,0.06995708495378494
1680270153342053825,,0.0,0.0,0.0,,-0.007649321109056473,0.007066208403557548,0.07019036263227463
1680270153359402677,,0.0,0.0,0.0,,-0.005953632295131683,0.008837267756462106,0.06999683380126953
1680270153373185087,,0.0,0.0,0.0,,-0.0072202542796730995,0.010121602565050134,0.07038639485836029
1680270153391040877,,0.0,0.0,0.0,,-0.003415660932660103,0.01383138820528985,0.07077796757221222
1680270153405786649,,0.0,0.0,0.0,,-0.004629082512110472,0.014143024571239957,0.07110230624675751
1680270153422636096,,0.0,0.0,0.0,,-0.0034319909755140543,0.015814952552318583,0.07116446644067764
1680270153438692720,,0.0,0.0,0.0,,-0.0015708812279626727,0.018584107980132113,0.07104042172431946
1680270153452528991,,0.0,0.0,0.0,,-0.002161622978746891,0.019319452345371257,0.07197363674640656
1680270153470698197,,0.0,0.0,0.0,,0.0009527257643640041,0.020263299345970164,0.07214321196079254
1680270153487769600,,0.0,0.0,0.0,,0.0016083302907645702,0.02181605063378812,0.07306331396102905
1680270153503258813,,0.0,0.0,0.0,,0.0009125955402851105,0.02250739373266698,0.07404625415802002
1680270153518094944,,0.0,0.0,0.0,,0.0031190444715321064,0.023803707212209712,0.07561523467302322
1680270153534555383,,0.0,0.0,0.0,,0.004460650496184826,0.025199903175234805,0.07639733701944351
1680270153549763480,,0.0,0.0,0.0,,0.004926559515297413,0.025247527286410342,0.07719270884990692
1680270153569298801,,0.0,0.0,0.0,,0.005358303897082806,0.024770459160208712,0.07843361049890518
1680270153590788939,,0.0,0.0,0.0,,0.005650535691529512,0.025348054245114337,0.07914169877767563
1680270153603991535,,0.0,0.0,0.0,,0.007621913682669401,0.024840397760272036,0.07975359261035919
1680270153621007704,,0.0,0.0,0.0,,0.006499866954982281,0.024608666077256213,0.0807206779718399
1680270153637017170,,0.0,0.0,0.0,,0.006667590234428644,0.02409738488495351,0.08086373656988144
1680270153653553220,,0.0,0.0,0.0,,0.009088562801480293,0.024298839271068583,0.08134251832962036
1680270153670787798,,0.0,0.0,0.0,,0.009043414145708084,0.022498363628983508,0.08097991347312927
1680270153691045461,,0.0,0.0,0.0,,0.010370603762567043,0.02148493006825448,0.07927022129297256
1680270153706200238,,0.0,0.0,0.0,,0.010995745658874512,0.020333509892225276,0.07882968336343765
1680270153721535262,,0.0,0.0,0.0,,0.009913437999784946,0.018773477524518977,0.07876874506473541
1680270153737048671,,0.0,0.0,0.0,,0.012389031238853931,0.01680731214582921,0.07902675867080688
1680270153753616361,,0.0,0.0,0.0,,0.010732296854257584,0.01431736070662738,0.07952115684747696
1680270153771189772,,0.0,0.0,0.0,,0.012739161029458046,0.013736354187130938,0.07914107292890549
1680270153790671203,,0.0,0.0,0.0,,0.011815795674920082,0.011552426964044581,0.07894577831029892
1680270153804995166,,0.0,0.0,0.0,,0.011733178049325943,0.010435376316308986,0.0784032791852951
1680270153821492915,,0.0,0.0,0.0,,0.011789558455348015,0.008278125897049914,0.07898027449846268
1680270153841362492,,0.0,0.0,0.0,,0.012593201361596584,0.0059096468612551785,0.08036293089389801
1680270153857023356,,0.0,0.0,0.0,,0.010993324220180511,0.0050559355877339935,0.08088193088769913
1680270153872735035,,0.0,0.0,0.0,,0.014907033182680607,0.005273782648146162,0.08053731918334961
1680270153893415438,,0.0,0.0,0.0,,0.007110157515853643,0.0021643941290676694,0.08045205473899841
1680270153908392292,,0.0,0.0,0.0,,0.011974046006798744,0.0021841302514076333,0.08068163692951202
1680270153921891432,,0.0,0.0,0.0,,0.00853866245597601,0.0008822593372315269,0.08235771954059601
1680270153937391556,,0.0,0.0,0.0,,0.006071890704333782,0.00016332091763616633,0.08359568566083908
1680270153951900936,,0.0,0.0,0.0,,0.00679782684892416,8.346629329026785e-05,0.08488044887781143
1680270153970795659,,0.0,0.0,0.0,,0.0020119519904255867,-0.0006590257398784055,0.08579666912555695
1680270153985406038,,0.0,0.0,0.0,,0.0040606362745165825,-0.001068964367732395,0.08638124912977219
1680270154001432155,,0.0,0.0,0.0,,0.006281184032559395,-8.177245035766489e-05,0.08705107867717743
1680270154018354719,,0.0,0.0,0.0,,0.0028339221607893705,-0.0009835667442530285,0.08872862905263901
1680270154032861174,,0.0,0.0,0.0,,-0.0032873651944100857,-0.00018864194862543458,0.08808663487434387
1680270154050692187,,0.0,0.0,0.0,,0.004921418149024248,0.003158891806378971,0.08672215789556503
1680270154068341640,,0.0,0.0,0.0,,0.0009361158590763807,0.0036103327292949065,0.08533608913421631
1680270154082689348,,0.0,0.0,0.0,,0.004270830657333136,0.006877026986330758,0.0825112909078598
1680270154099207886,,0.0,0.0,0.0,,0.0023766406811773777,0.006845403928309689,0.07958585023880005
1680270154114089693,,0.0,0.0,0.0,,8.6943618953228e-05,0.0061929831281304455,0.07713079452514648
1680270154129714850,,0.0,0.0,0.0,,0.002633369294926524,0.007543787360191354,0.07306965440511703
1680270154149273695,,0.0,0.0,0.0,,0.0038900161162018776,0.007089873775839814,0.06986651569604874
1680270154164797162,,0.0,0.0,0.0,,0.0004633727949112654,0.007142740301787862,0.06779323518276215
1680270154178885435,,0.0,0.0,0.0,,0.0019114145543426275,0.00830018427222968,0.06503551453351974
1680270154194785726,,0.0,0.0,0.0,,0.0006770845502614975,0.0071829473599791605,0.06411238014698029
1680270154212366772,,0.0,0.0,0.0,,0.002552738878875971,0.00765689695253969,0.06264996528625488
1680270154227994554,,0.0,0.0,0.0,,0.0016302561853080988,0.00740552134811879,0.06156526878476143
1680270154244445746,,0.0,0.0,0.0,,-0.002858209190890193,0.005971246864646681,0.06063015013933182
1680270154262780161,,0.0,0.0,0.0,,0.00044930120930075645,0.006882096640765674,0.06007649004459381
1680270154278919821,,0.0,0.0,0.0,,-0.0025765113532543182,0.006358216516673572,0.05982408672571182
1680270154294946299,,0.0,0.0,0.0,,-0.0026458168867975473,0.00669291568920017,0.05936776101589203
1680270154310435872,,0.0,0.0,0.0,,-0.0022745775058865547,0.007721287198364742,0.0584525540471077
1680270154325032696,,0.0,0.0,0.0,,-0.004585253074765205,0.0076374029740691254,0.05791119113564491
1680270154340852507,,0.0,0.0,0.0,,-0.004460465162992477,0.007912335917353637,0.05626881122589111
1680270154353941360,,0.0,0.0,0.0,,-0.0032393047586083412,0.008896781131625182,0.05528172850608826
1680270154372479166,,0.0,0.0,0.0,,-0.006823030300438404,0.00868090987205506,0.054123617708683014
1680270154393316102,,0.0,0.0,0.0,,-0.004438434261828661,0.009398516267538078,0.05323847755789757
1680270154410203690,,0.0,0.0,0.0,,-0.007247714325785637,0.008908354677259929,0.05244474858045578
1680270154429056775,,0.0,0.0,0.0,,-0.005812536459416151,0.010704096406698234,0.051711585372686386
1680270154442878108,,0.0,0.0,0.0,,-0.006118702702224255,0.010828937403857715,0.05020506680011749
1680270154457297770,,0.0,0.0,0.0,,-0.007521199062466621,0.011126363649964338,0.04907674714922905
1680270154472214793,,0.0,0.0,0.0,,-0.007266877219080925,0.010910290293395524,0.04765625670552254
1680270154491792934,,0.0,0.0,0.0,,-0.006021150387823582,0.013379223644733434,0.043562326580286026
1680270154505327361,,0.0,0.0,0.0,,-0.010148425586521626,0.01128782238811255,0.0417649932205677
1680270154522843225,,0.0,0.0,0.0,,-0.004152963869273663,0.01282209344208241,0.038962434977293015
1680270154537971212,,0.0,0.0,0.0,,-0.009509125724434853,0.011911863461136821,0.035080645233392715
1680270154553457429,,0.0,0.0,0.0,,-0.011058108881115913,0.009032456204295162,0.030566712841391563
1680270154570387306,,0.0,0.0,0.0,,-0.000304011395201087,0.010974824428558353,0.024838054552674294
1680270154586074901,,0.0,0.0,0.0,,-0.011338542215526104,0.006615991704165938,0.022340910509228706
1680270154601669290,,0.0,0.0,0.0,,-0.001265643397346139,0.007908444851636888,0.018658192828297615
1680270154617815292,,0.0,0.0,0.0,,-0.002160707488656044,0.006831611506640913,0.01285049319267273
1680270154632687140,,0.0,0.0,0.0,,-0.007389178033918142,0.003645793767645956,0.008609780110418797
1680270154651136279,,0.0,0.0,0.0,,0.0010007291566580534,0.0037232479080557828,0.003033919027075171
1680270154668089230,,0.0,0.0,0.0,,-0.00292398314923048,0.0007082947995513675,-0.0017460142262279987
1680270154685485670,,0.0,0.0,0.0,,0.0010020146146416664,-0.00042183394543826656,-0.006321757100522518
1680270154703072918,,0.0,0.0,0.0,,0.0018615720327943563,-0.002539832610636951,-0.010220292024314404
1680270154721382196,,0.0,0.0,0.0,,-0.002215540735051036,-0.005623647943139078,-0.013677787967026234
1680270154737822848,,0.0,0.0,0.0,,0.008763378486037254,-0.0051096118986606615,-0.01739616133272648
1680270154753413160,,0.0,0.0,0.0,,0.0029499323572963476,-0.008602333255112173,-0.019813336431980133
1680270154770562959,,0.0,0.0,0.0,,0.0022724110167473555,-0.010039288550615314,-0.023033594712615013
1680270154785270329,,0.0,0.0,0.0,,0.008859422989189625,-0.009754569269716743,-0.0267136562615633
1680270154805740148,,0.0,0.0,0.0,,0.00551329692825675,-0.012664292007684711,-0.029908567667007446
1680270154822790201,,0.0,0.0,0.0,,0.009347117505967617,-0.013631504029035572,-0.03284582495689392
1680270154840541946,,0.0,0.0,0.0,,0.008742527104914188,-0.015550962649285799,-0.03625612333416939
1680270154853983489,,0.0,0.0,0.0,,0.008602993562817574,-0.015623353421688085,-0.03863118961453438
1680270154873451814,,0.0,0.0,0.0,,0.01302337646484375,-0.016305653378367427,-0.04170404002070427
1680270154893445463,,0.0,0.0,0.0,,0.008130034431815147,-0.01824640110135079,-0.0448119193315506
1680270154909051995,,0.0,0.0,0.0,,0.011992041021585464,-0.01749947108328343,-0.04678495600819588
1680270154922023709,,0.0,0.0,0.0,,0.01346223708242178,-0.018086362630128867,-0.049006614834070206
1680270154941288404,,0.0,0.0,0.0,,0.0098347757011652,-0.019366331398487098,-0.050604481250047684
1680270154954315311,,0.0,0.0,0.0,,0.012997247278690338,-0.01848892495036126,-0.05229702964425087
1680270154971510855,,0.0,0.0,0.0,,0.011958600021898746,-0.0185619704425335,-0.053766533732414246
1680270154991386974,,0.0,0.0,0.0,,0.0111849345266819,-0.019491177052259452,-0.056109558790922165
1680270155009558304,,0.0,0.0,0.0,,0.013499775901436806,-0.01832700707018376,-0.056566812098026276
1680270155024512486,,0.0,0.0,0.0,,0.01067405566573143,-0.018771952018141753,-0.05695578083395958
1680270155040457862,,0.0,0.0,0.0,,0.011073820292949677,-0.017581382766366012,-0.05714347958564758
1680270155055420961,,0.0,0.0,0.0,,0.008052241057157516,-0.01754183694720269,-0.05769309401512146
1680270155071277521,,0.0,0.0,0.0,,0.005459902808070183,-0.016967564821243293,-0.05772548168897629
1680270155088739293,,0.0,0.0,0.0,,0.008211839944124222,-0.015059985220432288,-0.058391790837049484
1680270155108357780,,0.0,0.0,0.0,,0.004159305244684219,-0.014959706924855716,-0.05894189327955246
1680270155123098593,,0.0,0.0,0.0,,0.004121246747672558,-0.01302404887974263,-0.059742290526628494
1680270155137745801,,0.0,0.0,0.0,,0.003985170740634203,-0.011765922419726856,-0.06090236082673073
1680270155152077188,,0.0,0.0,0.0,,0.0014055927749723196,-0.01124947331845761,-0.06164642795920372
1680270155171090382,,0.0,0.0,0.0,,0.0007006966043263674,-0.010829143226146705,-0.0616769976913929
1680270155184861672,,0.0,0.0,0.0,,-0.002051558345556259,-0.009958963841199882,-0.061181046068668365
1680270155203288880,,0.0,0.0,0.0,,-0.004551711492240429,-0.006809979677200325,-0.06327035278081894
1680270155217801606,,0.0,0.0,0.0,,-0.002297596540302038,-0.004561491310596474,-0.06595312058925629
1680270155233466438,,0.0,0.0,0.0,,-0.00835369061678648,-0.004704041872173556,-0.06826778501272202
1680270155249531268,,0.0,0.0,0.0,,-0.007500831037759781,-0.002694512018933901,-0.0708862766623497
1680270155268213793,,0.0,0.0,0.0,,-0.007746960036456585,-0.0020461075473576875,-0.07384379208087921
1680270155282948084,,0.0,0.0,0.0,,-0.01106285396963358,-0.001798286102712164,-0.07706986367702484
1680270155301966718,,0.0,0.0,0.0,,-0.007436093874275684,0.0002854161430150172,-0.08068285137414932
1680270155315115804,,0.0,0.0,0.0,,-0.009996458888053894,8.672219701110292e-05,-0.08369196206331253
1680270155332445479,,0.0,0.0,0.0,,-0.010390265844762325,-6.986944936216943e-05,-0.08697830140590668
1680270155348452241,,0.0,0.0,0.0,,-0.008372495882213116,0.0008112736977636705,-0.08927564322948456
1680270155365941574,,0.0,0.0,0.0,,-0.010607120580971241,-0.00019108201377094928,-0.09270545095205307
1680270155381656069,,0.0,0.0,0.0,,-0.008870590478181839,-0.0005036990623921272,-0.09491825848817825
1680270155397613417,,0.0,0.0,0.0,,-0.0087666567414999,-0.0017617216799408317,-0.09768678992986679
1680270155415544969,,0.0,0.0,0.0,,-0.008553852327167988,-0.0030343891121447208,-0.099721759557724
1680270155431465658,,0.0,0.0,0.0,,-0.005800473503768444,-0.0020382644142955663,-0.09917636960744858
1680270155448230658,,0.0,0.0,0.0,,-0.006600167602300644,-0.0038086045533418772,-0.09736884385347366
1680270155464906620,,0.0,0.0,0.0,,-0.004814976826310158,-0.004527080804109585,-0.09547854959964752
1680270155478176392,,0.0,0.0,0.0,,-0.0046142819337546825,-0.0035342134069651482,-0.09401154518127441
1680270155494304880,,0.0,0.0,0.0,,0.0011708468664437532,-0.0030505394097417706,-0.09268929064273834
1680270155508542913,,0.0,0.0,0.0,,-0.007055626250803471,-0.005532043054699909,-0.09091344475746155
1680270155528408441,,0.0,0.0,0.0,,-0.009265539236366749,-0.00408093072474004,-0.0900161936879158
1680270155542739147,,0.0,0.0,0.0,,0.0006813067011535168,-0.003362428396940242,-0.09008937329053879
1680270155557985766,,0.0,0.0,0.0,,0.0013365084305405617,-0.00469628255814315,-0.0902615562081337
1680270155572035487,,0.0,0.0,0.0,,-0.006752322427928448,-0.006762871518731128,-0.0878552719950676
1680270155593373028,,0.0,0.0,0.0,,-0.0008930049370974302,-0.004353913944214593,-0.08619954437017441
1680270155608185185,,0.0,0.0,0.0,,-0.0018882709555327892,-0.0032905822154134616,-0.08378644287586212
1680270155623129559,,0.0,0.0,0.0,,-0.003532636445015669,-0.003585879923775802,-0.08045079559087753
1680270155640392539,,0.0,0.0,0.0,,-0.008593710139393806,-0.004046796355396519,-0.07842846214771271
1680270155654239721,,0.0,0.0,0.0,,-0.007800801657140255,-0.004283091053366671,-0.07703958451747894
1680270155671336310,,0.0,0.0,0.0,,-0.002282910980284214,-0.0024799879174679613,-0.07622683793306351
1680270155688449861,,0.0,0.0,0.0,,-0.004878426901996136,-0.0026395118329674097,-0.07447049766778946
1680270155704621851,,0.0,0.0,0.0,,-0.009396623820066452,-0.0036677266471088024,-0.07331322878599167
1680270155720898116,,0.0,0.0,0.0,,-0.006622361950576305,-0.0026537671219557615,-0.07332854717969894
1680270155735368684,,0.0,0.0,0.0,,-0.005243092775344849,-0.0031358909327536912,-0.07262291759252548
1680270155753320974,,0.0,0.0,0.0,,-0.005995780695229769,-0.004732553381472835,-0.0713009461760521
1680270155769875580,,0.0,0.0,0.0,,-0.008933370932936668,-0.005736636929214009,-0.0715269073843956
1680270155790985406,,0.0,0.0,0.0,,-0.008812001906335354,-0.006338275503367194,-0.0715043842792511
1680270155808459020,,0.0,0.0,0.0,,-0.005222972482442856,-0.007635235786437997,-0.07053074985742569
1680270155823003196,,0.0,0.0,0.0,,-0.008373207412660122,-0.010199766606092462,-0.06988029927015305
1680270155839424842,,0.0,0.0,0.0,,-0.007874807342886925,-0.010393219999969014,-0.07002143561840057
1680270155854313201,,0.0,0.0,0.0,,-0.004345177207142115,-0.011765837669372567,-0.06878811866044998
1680270155870226989,,0.0,0.0,0.0,,-0.0067526474595069885,-0.015050838701426992,-0.06425134837627411
1680270155893021255,,0.0,0.0,0.0,,0.001567165832966566,-0.016263930127024658,-0.05966142192482948
1680270155913308924,,0.0,0.0,0.0,,-0.004721080884337425,-0.02070764265954495,-0.053432647138834
1680270155930356031,,0.0,0.0,0.0,,-0.003587909508496523,-0.021872747689485557,-0.04710611701011658
1680270155945478468,,0.0,0.0,0.0,,0.0018486783374100924,-0.022722437977790836,-0.04209328070282936
1680270155961894875,,0.0,0.0,0.0,,-0.0012413510121405125,-0.023667911067605022,-0.037712424993515015
1680270155975187158,,0.0,0.0,0.0,,0.002348761074244976,-0.022893877699971203,-0.03310879319906235
1680270155994757795,,0.0,0.0,0.0,,-0.0006210154388099909,-0.025153400376439098,-0.026144079864025112
1680270156011273949,,0.0,0.0,0.0,,-0.003069589613005519,-0.025370785966515545,-0.021951323375105854
1680270156023909464,,0.0,0.0,0.0,,0.004156703129410744,-0.022170152515172962,-0.02020906843245029
1680270156042462247,,0.0,0.0,0.0,,0.0032808452378958464,-0.02117671445012093,-0.017581105232238766
1680270156057995352,,0.0,0.0,0.0,,0.0006135911680757999,-0.02071504853665829,-0.014682127162814139
1680270156073029995,,0.0,0.0,0.0,,0.0027177210431545973,-0.01854832842946053,-0.014165671542286871
1680270156092944786,,0.0,0.0,0.0,,0.006331471726298332,-0.015789899975061417,-0.011014931835234163
1680270156110418941,,0.0,0.0,0.0,,0.0026773205026984215,-0.014968366362154486,-0.007595256436616181
1680270156131419002,,0.0,0.0,0.0,,-0.0014150312636047602,-0.013114510104060173,-0.0032188030891120416
1680270156145608494,,0.0,0.0,0.0,,0.002202563686296344,-0.01007258053869009,-0.0008219964220188546
1680270156161826299,,0.0,0.0,0.0,,0.00616917759180069,-0.006016182713210583,0.0011657585855573422
1680270156179043835,,0.0,0.0,0.0,,-0.0020974501967430115,-0.006617699284106492,0.005695093423128129
1680270156195203592,,0.0,0.0,0.0,,-0.004420779645442963,-0.004166402854025363,0.009308254346251488
1680270156211774819,,0.0,0.0,0.0,,0.0011403555981814861,-0.00025737565010785916,0.011595186777412891
1680270156224161088,,0.0,0.0,0.0,,-0.00030338787473738194,0.001899519236758353,0.014334593899548054
1680270156243490554,,0.0,0.0,0.0,,-0.0019091828726232052,0.003768962575122716,0.017742659896612167
1680270156261886394,,0.0,0.0,0.0,,-0.0028754177037626505,0.00554184662178159,0.019851358607411385
1680270156273515797,,0.0,0.0,0.0,,-0.0029329457320272923,0.0072623919695615794,0.021211350336670876
1680270156293500037,,0.0,0.0,0.0,,0.00014718878082931042,0.0103056849911809,0.024899214506149292
1680270156311820316,,0.0,0.0,0.0,,-0.0050327470526099205,0.00980305299162865,0.028363674879074097
1680270156331281047,,0.0,0.0,0.0,,-0.0028223672416061163,0.012950282543897632,0.03164319694042206
1680270156345789446,,0.0,0.0,0.0,,0.0011303822975605726,0.015201174654066566,0.03368443623185158
1680270156362619186,,0.0,0.0,0.0,,-0.0019253065111115575,0.015159729868173604,0.03772750869393349
1680270156378082640,,0.0,0.0,0.0,,0.0002133615780621767,0.015452403575181966,0.03987104818224907
1680270156394356902,,0.0,0.0,0.0,,-3.368011675775051e-05,0.016031919047236446,0.04176441207528114
1680270156412865042,,0.0,0.0,0.0,,0.0005042206030339003,0.01676865294575692,0.04392596334218979
1680270156428900947,,0.0,0.0,0.0,,0.0023590202908962965,0.016527306288480766,0.04661359265446663
1680270156443370814,,0.0,0.0,0.0,,-0.0002818501088768244,0.015619606710970407,0.047908246517181396
1680270156461520723,,0.0,0.0,0.0,,0.0032239407300949097,0.017253573983907707,0.04888414591550827
1680270156473799471,,0.0,0.0,0.0,,0.0029449318535625935,0.017748139798641212,0.04975898563861847
1680270156490988263,,0.0,0.0,0.0,,0.0006204196251928806,0.015929775312542922,0.050766658037900925
1680270156505662100,,0.0,0.0,0.0,,0.002646269742399454,0.01612496934831143,0.05058826506137848
1680270156522796130,,0.0,0.0,0.0,,0.00417387206107378,0.016634577885270126,0.05015391856431961
1680270156537743138,,0.0,0.0,0.0,,0.004605625290423632,0.015534346923232084,0.04910611733794212
1680270156554183991,,0.0,0.0,0.0,,0.0028069023974239826,0.015105513855814939,0.049091845750808716
1680270156571014263,,0.0,0.0,0.0,,0.0021098884753882885,0.014327791519463067,0.049160439521074295
1680270156588906771,,0.0,0.0,0.0,,0.005928710103034973,0.015370402485132223,0.0482141487300396
1680270156603729547,,0.0,0.0,0.0,,0.0033305720426142216,0.015069351531565195,0.04747844487428665
1680270156623254630,,0.0,0.0,0.0,,0.0013531034346669912,0.01358224824070931,0.04807811975479126
1680270156638658623,,0.0,0.0,0.0,,0.004550648853182793,0.014215033501386648,0.04849638417363167
1680270156651860066,,0.0,0.0,0.0,,0.005050642415881157,0.014466374181211,0.0493859127163887
1680270156670853454,,0.0,0.0,0.0,,0.000665029976516962,0.013473877683281905,0.051570214331150055
1680270156685679256,,0.0,0.0,0.0,,0.00148560362868011,0.012651599943637855,0.05209584906697273
1680270156702416683,,0.0,0.0,0.0,,0.0018809514585882425,0.013989131897687919,0.05454692617058754
1680270156721340210,,0.0,0.0,0.0,,0.00237236637622118,0.014074873179197318,0.055867571383714676
1680270156735196078,,0.0,0.0,0.0,,-0.002201125957071781,0.01195988059043885,0.05867419019341469
1680270156750541823,,0.0,0.0,0.0,,-0.0009288399014621973,0.0119480099529028,0.061129018664360046
1680270156772262741,,0.0,0.0,0.0,,-0.0009602434001863003,0.011687368154525764,0.06329216063022614
1680270156788475628,,0.0,0.0,0.0,,0.0011788071133196354,0.011456066742539414,0.06648276746273041
1680270156803782189,,0.0,0.0,0.0,,-0.005757102742791176,0.00972876977175475,0.0697920173406601
1680270156822163492,,0.0,0.0,0.0,,-0.003139950567856431,0.010292036458849916,0.07180339097976685
1680270156839751641,,0.0,0.0,0.0,,-0.000321714673191309,0.010460373945534238,0.07446329295635223
1680270156854078138,,0.0,0.0,0.0,,-0.00343261007219553,0.008714757859706887,0.07651771605014801
1680270156868936020,,0.0,0.0,0.0,,-0.0033314411994069815,0.007520592771470556,0.0787072405219078
1680270156889113212,,0.0,0.0,0.0,,-0.0021072274539619684,0.0076635768637061214,0.08075576275587082
1680270156903449108,,0.0,0.0,0.0,,-0.002913386793807149,0.0070531256496906385,0.08196917176246643
1680270156918093690,,0.0,0.0,0.0,,-0.0023907534778118134,0.006025434471666823,0.08381441235542297
1680270156937575621,,0.0,0.0,0.0,,-0.006396095734089613,0.003975909668952237,0.08540979772806168
1680270156954017887,,0.0,0.0,0.0,,-0.0037157097831368446,0.0042409114539623365,0.08611483871936798
1680270156970199916,,0.0,0.0,0.0,,-0.0013763566967099905,0.0028527416288852796,0.08631729334592819
1680270156986069841,,0.0,0.0,0.0,,-0.00587623193860054,0.000815994571894418,0.08768392354249954
1680270157003182079,,0.0,0.0,0.0,,-0.00286075659096241,0.0017466964200139154,0.08900486677885056
1680270157021611291,,0.0,0.0,0.0,,-0.003994055092334747,0.0010319013381376973,0.08958973735570908
1680270157038965913,,0.0,0.0,0.0,,-0.005121193826198578,-0.00034504453651605925,0.09083898365497589
1680270157054349829,,0.0,0.0,0.0,,-0.004268423654139042,-0.0002594313118606694,0.09130846709012985
1680270157069956882,,0.0,0.0,0.0,,-0.006923136301338673,0.00031169969588519276,0.09262107312679291
1680270157090785843,,0.0,0.0,0.0,,-0.0035813087597489357,0.001918954425491404,0.09296444803476334
1680270157111737554,,0.0,0.0,0.0,,-0.004963776562362909,0.0017219559522345777,0.0940881073474884
1680270157127361619,,0.0,0.0,0.0,,-0.006147029343992472,0.002303123008459818,0.09525373578071594
1680270157146488065,,0.0,0.0,0.0,,-0.005672981962561607,0.003850883804261696,0.09588044136762619
1680270157159866950,,0.0,0.0,0.0,,-0.004948854446411133,0.0051199658773839595,0.09585099667310715
1680270157175269281,,0.0,0.0,0.0,,-0.006108897738158703,0.006168264895677579,0.09631071984767914
1680270157195039221,,0.0,0.0,0.0,,-0.0066981129348278046,0.0077496785670519,0.09801729768514633
1680270157211652196,,0.0,0.0,0.0,,-0.005546634551137686,0.011862373910844338,0.09656187146902084
1680270157227463641,,0.0,0.0,0.0,,0.00023875711485743523,0.014632892794907105,0.0936054065823555
1680270157245050227,,0.0,0.0,0.0,,-0.006147804670035839,0.014541063457727444,0.09259898215532303
1680270157260371386,,0.0,0.0,0.0,,-0.0026291648391634226,0.01778894104063512,0.09043922275304794
1680270157279281758,,0.0,0.0,0.0,,0.0009940271265804768,0.020767847076058398,0.08862046897411346
1680270157298183173,,0.0,0.0,0.0,,-0.0015211660647764802,0.020411239936947833,0.08762403577566147
1680270157314379278,,0.0,0.0,0.0,,-0.00019428972154855728,0.022624032571911822,0.08589067310094833
1680270157329689155,,0.0,0.0,0.0,,0.005378497764468193,0.02486068382859231,0.08161873370409012
1680270157348940174,,0.0,0.0,0.0,,-0.0007664000149816275,0.025507669895887385,0.07643070816993713
1680270157362087026,,0.0,0.0,0.0,,0.0013641580007970333,0.025849983096122752,0.07288432866334915
1680270157377752789,,0.0,0.0,0.0,,0.008712833747267723,0.02617181837558747,0.0689159631729126
1680270157395260798,,0.0,0.0,0.0,,0.002207866869866848,0.023923564702272422,0.06414510309696198
1680270157411364210,,0.0,0.0,0.0,,0.005933432839810848,0.024498080834746368,0.05985971912741661
1680270157425732135,,0.0,0.0,0.0,,0.00902828574180603,0.023279871791601188,0.055292390286922455
1680270157442264790,,0.0,0.0,0.0,,0.008229348808526993,0.02187905833125115,0.04909488186240196
1680270157460285919,,0.0,0.0,0.0,,0.009100628085434437,0.020234437659382827,0.04261546954512596
1680270157473480830,,0.0,0.0,0.0,,0.006678479723632336,0.017970299348235134,0.03788064792752266
1680270157491903530,,0.0,0.0,0.0,,0.008755475282669067,0.014750134199857715,0.0339202955365181
1680270157505369789,,0.0,0.0,0.0,,0.020567163825035095,0.014227194711565975,0.029797678813338276
1680270157522737685,,0.0,0.0,0.0,,0.007842391729354858,0.009218534454703334,0.02691948600113392
1680270157537579026,,0.0,0.0,0.0,,0.008542878553271294,0.0071477741003036525,0.024562126025557518
1680270157555451146,,0.0,0.0,0.0,,0.010294741950929165,0.005173203535377982,0.020491667091846466
1680270157573373320,,0.0,0.0,0.0,,0.011918311007320881,0.0026069686282426136,0.015783589333295822
1680270157589751496,,0.0,0.0,0.0,,0.013661550357937813,-2.12190207093941e-05,0.01066729798913002
1680270157605885735,,0.0,0.0,0.0,,0.005705789662897587,-0.004875971004366874,0.0060730399563908586
1680270157621809791,,0.0,0.0,0.0,,0.009493254125118256,-0.0065698083490133286,0.001395451952703298
1680270157640059167,,0.0,0.0,0.0,,0.01737682893872261,-0.007249116897583009,-0.004943182691931724
1680270157652231425,,0.0,0.0,0.0,,0.009632260538637638,-0.01209915801882744,-0.007767159957438706
1680270157669167595,,0.0,0.0,0.0,,0.005636849440634251,-0.014549082145094873,-0.010335372760891913
1680270157685258512,,0.0,0.0,0.0,,0.009645883925259113,-0.013157724402844908,-0.015221497043967245
1680270157702272036,,0.0,0.0,0.0,,0.010452195070683956,-0.015418948605656626,-0.017370825633406636
1680270157719935036,,0.0,0.0,0.0,,0.011105196550488472,-0.01768237724900246,-0.020151732489466664
1680270157735282373,,0.0,0.0,0.0,,0.00753871351480484,-0.018054852262139324,-0.02274747937917709
1680270157750562965,,0.0,0.0,0.0,,0.007940398529171944,-0.017586985602974895,-0.02492064237594604
1680270157767311874,,0.0,0.0,0.0,,0.009783344343304634,-0.018356973305344585,-0.0286371037364006
1680270157784694769,,0.0,0.0,0.0,,0.00786813348531723,-0.018862904980778698,-0.031396958976984024
1680270157801934948,,0.0,0.0,0.0,,0.007157657761126757,-0.01754049584269524,-0.03417335823178291
1680270157820087943,,0.0,0.0,0.0,,0.007190665230154991,-0.016999738290905956,-0.03663187101483345
1680270157831691848,,0.0,0.0,0.0,,0.008346404880285263,-0.01745731942355633,-0.03839053586125374
1680270157850279387,,0.0,0.0,0.0,,0.012095329351723194,-0.017746977508068088,-0.041683416813611984
1680270157866215486,,0.0,0.0,0.0,,0.015429590828716755,-0.016788499429821975,-0.04528419300913811
1680270157882024427,,0.0,0.0,0.0,,0.018845172598958015,-0.015980992466211326,-0.04779692366719246
1680270157895218807,,0.0,0.0,0.0,,0.020607568323612213,-0.016357263550162322,-0.050567835569381714
1680270157912108890,,0.0,0.0,0.0,,0.022094842046499252,-0.01592309400439263,-0.05224205553531647
1680270157930683083,,0.0,0.0,0.0,,0.02487601339817047,-0.013810754753649242,-0.055768340826034546
1680270157947678944,,0.0,0.0,0.0,,0.023202557116746902,-0.012247980572283275,-0.05896050110459328
1680270157965652424,,0.0,0.0,0.0,,0.02101445011794567,-0.01376964524388314,-0.061474788933992386
1680270157981894255,,0.0,0.0,0.0,,0.023670891299843788,-0.012022484093904504,-0.0651010051369667
1680270158000188825,,0.0,0.0,0.0,,0.019983921200037003,-0.01073922961950303,-0.06799809634685516
1680270158015570637,,0.0,0.0,0.0,,0.015996530652046204,-0.010942005552351483,-0.06982049345970154
1680270158030361514,,0.0,0.0,0.0,,0.014191657304763794,-0.011244919151067742,-0.07219164818525314
1680270158047313382,,0.0,0.0,0.0,,0.01490206178277731,-0.010370776057243356,-0.07515508681535721
1680270158063062611,,0.0,0.0,0.0,,0.013383547775447369,-0.008885342627763757,-0.07705855369567871
1680270158078742741,,0.0,0.0,0.0,,0.00880622211843729,-0.009413824416697036,-0.07897838950157166
1680270158092235630,,0.0,0.0,0.0,,0.005149823613464832,-0.010713409632444392,-0.08050284534692764
1680270158108982195,,0.0,0.0,0.0,,0.006575137376785278,-0.010252690874040137,-0.08327808976173401
1680270158124169863,,0.0,0.0,0.0,,0.009683102369308472,-0.010178614407777797,-0.08655685186386108
1680270158139820107,,0.0,0.0,0.0,,0.0063750664703547955,-0.011572053655982028,-0.0893639326095581
1680270158155471964,,0.0,0.0,0.0,,0.007929733023047447,-0.011886075139045726,-0.09125526249408722
1680270158170985943,,0.0,0.0,0.0,,0.010121757164597511,-0.01358702499419452,-0.0941731408238411
1680270158184226730,,0.0,0.0,0.0,,0.011605254374444485,-0.014828137122094643,-0.09715291857719421
1680270158200811081,,0.0,0.0,0.0,,0.010462694801390171,-0.016031999140977873,-0.09965866804122925
1680270158215765424,,0.0,0.0,0.0,,0.003124112728983164,-0.01868388801813127,-0.10198497027158737
1680270158231309519,,0.0,0.0,0.0,,0.004489125683903694,-0.01924897357821466,-0.10602016001939774
1680270158250020628,,0.0,0.0,0.0,,0.001356727909296751,-0.020323928445577635,-0.10893356055021286
1680270158267560236,,0.0,0.0,0.0,,-0.007723944261670113,-0.022493930533528342,-0.1115521788597107
1680270158281475746,,0.0,0.0,0.0,,-0.007758683525025845,-0.02259423397481443,-0.1131218746304512
1680270158299530337,,0.0,0.0,0.0,,-0.007612227462232113,-0.022425021976232543,-0.11858626455068588
1680270158315433263,,0.0,0.0,0.0,,-0.008868580684065819,-0.02285256609320642,-0.12403734028339386
1680270158335312358,,0.0,0.0,0.0,,-0.021126698702573776,-0.026117525994777697,-0.1299840360879898
1680270158352043644,,0.0,0.0,0.0,,-0.014151901006698608,-0.024758314713835734,-0.13818371295928955
1680270158369812851,,0.0,0.0,0.0,,-0.03093179501593113,-0.02715409733355047,-0.1471877545118332
1680270158385578341,,0.0,0.0,0.0,,-0.021960360929369926,-0.024977918714284918,-0.15662458539009094
1680270158402611802,,0.0,0.0,0.0,,-0.03643058240413666,-0.03139068931341173,-0.16069908440113068
1680270158419839026,,0.0,0.0,0.0,,-0.03187750652432442,-0.03132726252079012,-0.1640651971101761
1680270158435354237,,0.0,0.0,0.0,,-0.03278318792581558,-0.031878381967544576,-0.16662803292274475
1680270158451487625,,0.0,0.0,0.0,,-0.04983537644147873,-0.03596990928053858,-0.1669728010892868
1680270158467859198,,0.0,0.0,0.0,,-0.039643801748752594,-0.032954517751932165,-0.17034819722175598
1680270158482439300,,0.0,0.0,0.0,,-0.046774473041296005,-0.03445770591497423,-0.17206083238124847
1680270158499653129,,0.0,0.0,0.0,,-0.058543913066387177,-0.0362585708498955,-0.17503905296325684
1680270158517570514,,0.0,0.0,0.0,,-0.05295715481042862,-0.03219715878367426,-0.181438148021698
1680270158533207192,,0.0,0.0,0.0,,-0.06338782608509064,-0.03380753844976427,-0.18611299991607666
1680270158550531377,,0.0,0.0,0.0,,-0.0632040724158287,-0.03256806358695032,-0.19168521463871002
1680270158567406923,,0.0,0.0,0.0,,-0.06532540917396545,-0.03155199810862543,-0.1977267563343048
1680270158583363830,,0.0,0.0,0.0,,-0.07528043538331985,-0.03251816332340243,-0.20111903548240662
1680270158602085720,,0.0,0.0,0.0,,-0.06929150968790054,-0.029018513858318353,-0.20673032104969025
1680270158618140661,,0.0,0.0,0.0,,-0.0780959501862526,-0.03015208244323733,-0.2092609405517578
1680270158632924274,,0.0,0.0,0.0,,-0.08285936713218689,-0.028897188603878046,-0.212222620844841
1680270158650629622,,0.0,0.0,0.0,,-0.07744816690683365,-0.026516200974583654,-0.2159886360168457
1680270158665355036,,0.0,0.0,0.0,,-0.08161360025405884,-0.027278095483779935,-0.2187657356262207
1680270158681545280,,0.0,0.0,0.0,,-0.07615901529788971,-0.02720605209469798,-0.22267916798591614
1680270158695388945,,0.0,0.0,0.0,,-0.06913992762565613,-0.02601514197885993,-0.22691531479358673
1680270158712276714,,0.0,0.0,0.0,,-0.06945382803678513,-0.027625748887658147,-0.2316012680530548
1680270158730109971,,0.0,0.0,0.0,,-0.05961132049560547,-0.026853075250983266,-0.23625370860099792
1680270158746224794,,0.0,0.0,0.0,,-0.056107692420482635,-0.028062552213668854,-0.24085088074207306
1680270158760384990,,0.0,0.0,0.0,,-0.05367467924952507,-0.029106790199875863,-0.24749049544334412
1680270158774496236,,0.0,0.0,0.0,,-0.04170085862278938,-0.02730463817715648,-0.2546002268791199
1680270158793950716,,0.0,0.0,0.0,,-0.02749621868133545,-0.02818613871932033,-0.2636778652667999
1680270158809958498,,0.0,0.0,0.0,,-0.009701089933514595,-0.02937492728233341,-0.27435949444770813
1680270158828408319,,0.0,0.0,0.0,,0.012673010118305683,-0.02945143915712837,-0.2856079339981079
1680270158845944611,,0.0,0.0,0.0,,0.03001294657588005,-0.030511368066072502,-0.2982485890388489
1680270158861432732,,0.0,0.0,0.0,,0.04736161604523659,-0.031121829524636307,-0.31131091713905334
1680270158875349133,,0.0,0.0,0.0,,0.06084384769201279,-0.03331418707966809,-0.32506051659584045
1680270158893846262,,0.0,0.0,0.0,,0.07242760807275772,-0.03699929267168049,-0.3419473469257355
1680270158910803280,,0.0,0.0,0.0,,0.08622052520513535,-0.039259187877178234,-0.3597310781478882
1680270158927426464,,0.0,0.0,0.0,,0.09473031014204025,-0.042916614562273074,-0.3761730492115021
1680270158943354007,,0.0,0.0,0.0,,0.10208390653133392,-0.04635952040553098,-0.3895900845527649
1680270158958801792,,0.0,0.0,0.0,,0.11077623814344406,-0.05034954100847249,-0.4029895067214966
1680270158974635279,,0.0,0.0,0.0,,0.1125873476266861,-0.054648321121931125,-0.4172988533973694
1680270158992018965,,0.0,0.0,0.0,,0.11610114574432373,-0.05646276473999029,-0.4323398470878601
1680270159010737568,,0.0,0.0,0.0,,0.11441740393638611,-0.05954917892813688,-0.4435497224330902
1680270159027910721,,0.0,0.0,0.0,,0.11251828074455261,-0.06335989385843283,-0.45495709776878357
1680270159043324142,,0.0,0.0,0.0,,0.11154972016811371,-0.06584488600492483,-0.46462756395339966
1680270159058909935,,0.0,0.0,0.0,,0.10256335139274597,-0.06864302605390554,-0.4733334481716156
1680270159071432128,,0.0,0.0,0.0,,0.0992731973528862,-0.07026062905788427,-0.4830684959888458
1680270159091485068,,0.0,0.0,0.0,,0.09269805997610092,-0.07349014282226568,-0.4934000074863434
1680270159104847232,,0.0,0.0,0.0,,0.08136291801929474,-0.07659017294645315,-0.5021145343780518
1680270159121384555,,0.0,0.0,0.0,,0.07373471558094025,-0.07829169183969505,-0.5104174017906189
1680270159139897794,,0.0,0.0,0.0,,0.05892260745167732,-0.08210786432027824,-0.5207472443580627
1680270159154780122,,0.0,0.0,0.0,,0.05005259811878204,-0.08471199125051505,-0.5280488729476929
1680270159172829854,,0.0,0.0,0.0,,0.03841539844870567,-0.08728490024805076,-0.5359342694282532
1680270159193855763,,0.0,0.0,0.0,,0.02282501384615898,-0.09014911204576499,-0.54377281665802
1680270159210043883,,0.0,0.0,0.0,,0.015178433619439602,-0.09180289506912238,-0.5496495962142944
1680270159225848987,,0.0,0.0,0.0,,0.007993349805474281,-0.09464609622955329,-0.5577422976493835
1680270159241391029,,0.0,0.0,0.0,,-0.0004402077756822109,-0.09752064943313606,-0.5656459331512451
1680270159255072891,,0.0,0.0,0.0,,-0.007257893681526184,-0.10041555762290962,-0.5734109878540039
1680270159269380373,,0.0,0.0,0.0,,-0.014832472428679466,-0.10262382030487067,-0.5807411670684814
1680270159287817871,,0.0,0.0,0.0,,-0.02288045734167099,-0.10563862323760993,-0.5889907479286194
1680270159303322272,,0.0,0.0,0.0,,-0.027455845847725868,-0.10743112862110145,-0.5957570672035217
1680270159320775328,,0.0,0.0,0.0,,-0.0332479290664196,-0.10975503176450736,-0.6031646132469177
1680270159339986503,,0.0,0.0,0.0,,-0.03846282511949539,-0.11147737503051765,-0.611721932888031
1680270159355727627,,0.0,0.0,0.0,,-0.040146730840206146,-0.11359099298715598,-0.6185563802719116
1680270159372996448,,0.0,0.0,0.0,,-0.04420170560479164,-0.11588329076766976,-0.6279034614562988
1680270159392454845,,0.0,0.0,0.0,,-0.045887116342782974,-0.11795213818550118,-0.6383054256439209
1680270159406536826,,0.0,0.0,0.0,,-0.04639851301908493,-0.11987745761871346,-0.6455485820770264
1680270159423544939,,0.0,0.0,0.0,,-0.0399920679628849,-0.12196944653987893,-0.6580696702003479
1680270159440211435,,0.0,0.0,0.0,,-0.03494968265295029,-0.12380985170602807,-0.67018061876297
1680270159452134066,,0.0,0.0,0.0,,-0.0340341255068779,-0.1279073804616929,-0.6800824999809265
1680270159470710614,,0.0,0.0,0.0,,-0.023681776598095894,-0.12996785342693337,-0.6911863088607788
1680270159487536416,,0.0,0.0,0.0,,-0.016919225454330444,-0.12949804961681374,-0.7008547186851501
1680270159506211879,,0.0,0.0,0.0,,-0.014983298256993294,-0.12971013784408578,-0.708864688873291
1680270159519380180,,0.0,0.0,0.0,,-0.017170503735542297,-0.1300949156284333,-0.7150851488113403
1680270159535619296,,0.0,0.0,0.0,,-0.021428538486361504,-0.12980784475803384,-0.7208592295646667
1680270159552316137,,0.0,0.0,0.0,,-0.024105254560709,-0.12343254685401925,-0.7250247597694397
1680270159571384235,,0.0,0.0,0.0,,-0.03935344144701958,-0.11908838152885445,-0.7252447009086609
1680270159586257956,,0.0,0.0,0.0,,-0.0517793633043766,-0.11284122616052636,-0.7222384214401245
1680270159603403257,,0.0,0.0,0.0,,-0.06320568919181824,-0.10455065220594414,-0.7185101509094238
1680270159620310923,,0.0,0.0,0.0,,-0.08180071413516998,-0.09813434630632409,-0.7137289643287659
1680270159635441294,,0.0,0.0,0.0,,-0.08313873410224915,-0.09277789294719704,-0.7072904109954834
1680270159652995059,,0.0,0.0,0.0,,-0.08657611906528473,-0.08518448472023019,-0.6942080855369568
1680270159668913956,,0.0,0.0,0.0,,-0.09015224874019623,-0.07814909517765053,-0.6834201216697693
1680270159687628491,,0.0,0.0,0.0,,-0.09246432781219482,-0.07324122637510308,-0.668795645236969
1680270159706266514,,0.0,0.0,0.0,,-0.08313575387001038,-0.0653630420565606,-0.6532890200614929
1680270159719505437,,0.0,0.0,0.0,,-0.07618913054466248,-0.057983327656984406,-0.6424865126609802
1680270159735547484,,0.0,0.0,0.0,,-0.07601294666528702,-0.05435564741492279,-0.6309202909469604
1680270159752649634,,0.0,0.0,0.0,,-0.07378456741571426,-0.05009268596768387,-0.6166375279426575
1680270159770384357,,0.0,0.0,0.0,,-0.06398037821054459,-0.04433694854378708,-0.6060324311256409
1680270159785511563,,0.0,0.0,0.0,,-0.056253645569086075,-0.03995729237794884,-0.59657883644104
1680270159802109099,,0.0,0.0,0.0,,-0.054688192903995514,-0.03743363916873939,-0.5847899317741394
1680270159820506762,,0.0,0.0,0.0,,-0.05175846815109253,-0.03493543341755874,-0.5734574198722839
1680270159834943596,,0.0,0.0,0.0,,-0.04200835898518562,-0.03152901679277427,-0.5650004148483276
1680270159851641439,,0.0,0.0,0.0,,-0.033929478377103806,-0.026701990514993737,-0.5566312670707703
1680270159867887628,,0.0,0.0,0.0,,-0.03227558732032776,-0.02658707089722163,-0.5468587875366211
1680270159882229815,,0.0,0.0,0.0,,-0.03544943034648895,-0.0272913500666619,-0.5397760272026062
1680270159899576122,,0.0,0.0,0.0,,-0.019467324018478394,-0.020650735124945706,-0.529249906539917
1680270159917577183,,0.0,0.0,0.0,,-0.012891719117760658,-0.01873671263456351,-0.5205235481262207
1680270159933529061,,0.0,0.0,0.0,,-0.012691836804151535,-0.019415520131588045,-0.5131720900535583
1680270159951541885,,0.0,0.0,0.0,,-0.007759413216263056,-0.018248297274112764,-0.504668116569519
1680270159965228425,,0.0,0.0,0.0,,-0.0035568601451814175,-0.016492104157805505,-0.49754276871681213
1680270159982594168,,0.0,0.0,0.0,,0.006946866400539875,-0.013690019957721294,-0.4891870319843292
1680270159998200279,,0.0,0.0,0.0,,0.005317585542798042,-0.015470288693904936,-0.48185062408447266
1680270160014607069,,0.0,0.0,0.0,,0.005784428678452969,-0.01623013801872736,-0.47342410683631897
1680270160030565970,,0.0,0.0,0.0,,0.016247225925326347,-0.013152069412171898,-0.4680814743041992
1680270160047792312,,0.0,0.0,0.0,,0.01787201315164566,-0.012661975808441694,-0.45979148149490356
1680270160062860567,,0.0,0.0,0.0,,0.017828065901994705,-0.013215808197856005,-0.4526030123233795
1680270160078456951,,0.0,0.0,0.0,,0.01901168003678322,-0.013007681816816385,-0.4466463327407837
1680270160093962915,,0.0,0.0,0.0,,0.02159467339515686,-0.0131537495180965,-0.4402737021446228
1680270160110740487,,0.0,0.0,0.0,,0.026089603081345558,-0.013231552205979878,-0.4346383810043335
1680270160130599394,,0.0,0.0,0.0,,0.022549865767359734,-0.014882432296872191,-0.42648017406463623
1680270160144353811,,0.0,0.0,0.0,,0.022179272025823593,-0.01614200882613664,-0.4219278395175934
1680270160162452004,,0.0,0.0,0.0,,0.026860926300287247,-0.014807107858359864,-0.4160463809967041
1680270160178660713,,0.0,0.0,0.0,,0.022521916776895523,-0.01727147027850156,-0.4107294976711273
1680270160194273076,,0.0,0.0,0.0,,0.02205781638622284,-0.01962931454181676,-0.40452030301094055
1680270160212168630,,0.0,0.0,0.0,,0.021596577018499374,-0.019444987177848864,-0.40049445629119873
1680270160227900817,,0.0,0.0,0.0,,0.01866063103079796,-0.021474180743098308,-0.3955782651901245
1680270160242180177,,0.0,0.0,0.0,,0.019539132714271545,-0.02440723031759267,-0.3907392919063568
1680270160257751203,,0.0,0.0,0.0,,0.01631344109773636,-0.026165002956986476,-0.3861081898212433
1680270160272218805,,0.0,0.0,0.0,,0.01542411744594574,-0.027142608538270045,-0.3828575909137726
1680270160292407357,,0.0,0.0,0.0,,0.014858204871416092,-0.029414175078272865,-0.37695375084877014
1680270160311253299,,0.0,0.0,0.0,,0.011961822398006916,-0.032755248248577166,-0.3718279302120209
1680270160327744827,,0.0,0.0,0.0,,0.009870135225355625,-0.03514040634036068,-0.367898553609848
1680270160343394489,,0.0,0.0,0.0,,0.008748160675168037,-0.03729951381683354,-0.3645436465740204
1680270160357435844,,0.0,0.0,0.0,,0.007931762374937534,-0.038128800690174144,-0.36056190729141235
1680270160372363406,,0.0,0.0,0.0,,0.004946751520037651,-0.040966257452964824,-0.3572808802127838
1680270160393932110,,0.0,0.0,0.0,,0.0021995878778398037,-0.04277835413813595,-0.35262662172317505
1680270160408213083,,0.0,0.0,0.0,,0.0012180868070572615,-0.04364423453807835,-0.3486687242984772
1680270160423917929,,0.0,0.0,0.0,,-0.0006684192921966314,-0.04556402936577801,-0.3452144265174866
1680270160440118623,,0.0,0.0,0.0,,-0.002835267223417759,-0.046950459480285686,-0.3419804275035858
1680270160454539828,,0.0,0.0,0.0,,-0.0033577110152691603,-0.048160366714000744,-0.3385539948940277
1680270160470285821,,0.0,0.0,0.0,,-0.0042705172672867775,-0.0476252101361752,-0.3353017568588257
1680270160487727195,,0.0,0.0,0.0,,-0.010372618213295937,-0.04907871410250668,-0.33103111386299133
1680270160503374153,,0.0,0.0,0.0,,-0.010974984616041183,-0.050539083778858226,-0.3276831805706024
1680270160522186822,,0.0,0.0,0.0,,-0.010241351090371609,-0.050062481313943905,-0.32265549898147583
1680270160540136047,,0.0,0.0,0.0,,-0.012904990464448929,-0.049509238451719326,-0.31885191798210144
1680270160554646418,,0.0,0.0,0.0,,-0.017324253916740417,-0.049286581575870556,-0.3147934675216675
1680270160570811405,,0.0,0.0,0.0,,-0.019706569612026215,-0.048511028289794964,-0.3116978406906128
1680270160587468572,,0.0,0.0,0.0,,-0.019403697922825813,-0.04751210287213329,-0.3074738085269928
1680270160608552039,,0.0,0.0,0.0,,-0.020709197968244553,-0.04627919569611553,-0.3040215075016022
1680270160624370588,,0.0,0.0,0.0,,-0.024327363818883896,-0.0456957928836346,-0.30072274804115295
1680270160639968855,,0.0,0.0,0.0,,-0.023740125820040703,-0.04373601451516155,-0.29816120862960815
1680270160660598242,,0.0,0.0,0.0,,-0.02176610939204693,-0.04241046682000164,-0.29477596282958984
1680270160673924449,,0.0,0.0,0.0,,-0.02469257265329361,-0.04144885763525966,-0.2937048077583313
1680270160692411980,,0.0,0.0,0.0,,-0.024222765117883682,-0.0394120775163174,-0.29131418466567993
1680270160711072394,,0.0,0.0,0.0,,-0.0223348718136549,-0.037819318473339116,-0.28953731060028076
1680270160727920689,,0.0,0.0,0.0,,-0.0206385999917984,-0.03654837980866436,-0.2877829670906067
1680270160745678776,,0.0,0.0,0.0,,-0.022112293168902397,-0.03665937855839733,-0.2853413224220276
1680270160760419509,,0.0,0.0,0.0,,-0.020704787224531174,-0.03516105562448505,-0.28433147072792053
1680270160778629821,,0.0,0.0,0.0,,-0.017689241096377373,-0.03389878943562511,-0.2817014455795288
1680270160798536757,,0.0,0.0,0.0,,-0.016555288806557655,-0.03370768576860431,-0.28016167879104614
1680270160812461784,,0.0,0.0,0.0,,-0.01563914678990841,-0.03424327820539478,-0.2780436873435974
1680270160830549988,,0.0,0.0,0.0,,-0.01310503575950861,-0.033931843936443364,-0.2755841016769409
1680270160847603678,,0.0,0.0,0.0,,-0.011127031408250332,-0.034662321209907566,-0.2731211483478546
1680270160864158754,,0.0,0.0,0.0,,-0.009960480034351349,-0.035484820604324376,-0.2703048884868622
1680270160878440288,,0.0,0.0,0.0,,-0.011212024837732315,-0.03582720458507541,-0.268054336309433
1680270160898480023,,0.0,0.0,0.0,,-0.008876600302755833,-0.035936966538429295,-0.26540428400039673
1680270160913348915,,0.0,0.0,0.0,,-0.006817379035055637,-0.03609110042452816,-0.26298943161964417
1680270160931627986,,0.0,0.0,0.0,,-0.007888730615377426,-0.0373146049678326,-0.2596698999404907
1680270160946530301,,0.0,0.0,0.0,,-0.0057106707245111465,-0.037516102194786106,-0.25755441188812256
1680270160958181114,,0.0,0.0,0.0,,-0.003107974771410227,-0.03741849213838581,-0.25548499822616577
1680270160972565240,,0.0,0.0,0.0,,-0.0028529614210128784,-0.037747997790575055,-0.2529730200767517
1680270160991275868,,0.0,0.0,0.0,,-0.0015818248502910137,-0.038279388099908856,-0.24919885396957397
1680270161008752699,,0.0,0.0,0.0,,0.0010750603396445513,-0.03785597905516627,-0.24648360908031464
1680270161024585514,,0.0,0.0,0.0,,0.0016735123936086893,-0.03776098415255549,-0.24319468438625336
1680270161043683207,,0.0,0.0,0.0,,0.004323004744946957,-0.03773296996951106,-0.24017749726772308
1680270161060480025,,0.0,0.0,0.0,,0.005528993904590607,-0.037856552749872235,-0.23699991405010223
1680270161074285458,,0.0,0.0,0.0,,0.007738275453448296,-0.03664197027683261,-0.2330152988433838
1680270161092476335,,0.0,0.0,0.0,,0.010353436693549156,-0.0349690914154053,-0.2282731533050537
1680270161110878927,,0.0,0.0,0.0,,0.011213889345526695,-0.03422691673040393,-0.22440429031848907
1680270161129339928,,0.0,0.0,0.0,,0.014008933678269386,-0.031558480113744763,-0.2206672877073288
1680270161143797391,,0.0,0.0,0.0,,0.01490566786378622,-0.030114417895674733,-0.21903763711452484
1680270161162588761,,0.0,0.0,0.0,,0.014676306396722794,-0.028063191100955037,-0.2159581035375595
1680270161178702802,,0.0,0.0,0.0,,0.01668519526720047,-0.02459351718425753,-0.21171216666698456
1680270161194560835,,0.0,0.0,0.0,,0.017879823222756386,-0.0222422853112221,-0.2093159258365631
1680270161211136069,,0.0,0.0,0.0,,0.01878480799496174,-0.0205268803983927,-0.20786252617835999
1680270161227882824,,0.0,0.0,0.0,,0.018021469935774803,-0.017570540308952356,-0.2056879699230194
1680270161242660716,,0.0,0.0,0.0,,0.017870264127850533,-0.015327384695410753,-0.20517268776893616
1680270161256845609,,0.0,0.0,0.0,,0.019660446792840958,-0.012944081798195863,-0.20320093631744385
1680270161272651876,,0.0,0.0,0.0,,0.020170267671346664,-0.01068244501948359,-0.20198175311088562
1680270161292682723,,0.0,0.0,0.0,,0.018849272280931473,-0.008532207459211374,-0.20133686065673828
1680270161308100653,,0.0,0.0,0.0,,0.018220555037260056,-0.007681911345571304,-0.20076912641525269
1680270161329443986,,0.0,0.0,0.0,,0.019546888768672943,-0.007145899347960973,-0.1997176706790924
1680270161343522860,,0.0,0.0,0.0,,0.019139785319566727,-0.0064966250211000685,-0.19892826676368713
1680270161360090089,,0.0,0.0,0.0,,0.016669506207108498,-0.00590126216411593,-0.19723644852638245
1680270161378357138,,0.0,0.0,0.0,,0.01596701517701149,-0.00559145957231524,-0.1958523839712143
1680270161394071603,,0.0,0.0,0.0,,0.01556252408772707,-0.006019850261509443,-0.1949184685945511
1680270161412855097,,0.0,0.0,0.0,,0.012751488015055656,-0.006752728950232291,-0.1933274120092392
1680270161430178621,,0.0,0.0,0.0,,0.010808086022734642,-0.008359912782907509,-0.1910981833934784
1680270161448471949,,0.0,0.0,0.0,,0.008609844371676445,-0.010996563360095047,-0.18899305164813995
1680270161464017557,,0.0,0.0,0.0,,0.0087418332695961,-0.012470490299165271,-0.18699532747268677
1680270161480314711,,0.0,0.0,0.0,,0.006563938222825527,-0.014277443289756797,-0.18398036062717438
1680270161497525594,,0.0,0.0,0.0,,0.0026611636858433485,-0.016405848786234876,-0.18087083101272583
1680270161513244296,,0.0,0.0,0.0,,0.001881682313978672,-0.01883729360997679,-0.17792080342769623
1680270161530534537,,0.0,0.0,0.0,,-0.000859490130096674,-0.02193063870072367,-0.17356212437152863
1680270161549675281,,0.0,0.0,0.0,,-0.0037125139497220516,-0.024515004828572294,-0.16939038038253784
1680270161566327158,,0.0,0.0,0.0,,-0.005613517947494984,-0.026760950684547445,-0.1656084507703781
1680270161578713016,,0.0,0.0,0.0,,-0.00768901314586401,-0.028103172779083273,-0.16205091774463654
1680270161594446946,,0.0,0.0,0.0,,-0.00907172542065382,-0.030660685151815435,-0.15823471546173096
1680270161611081822,,0.0,0.0,0.0,,-0.01136371772736311,-0.03297494351863863,-0.15483015775680542
1680270161628975212,,0.0,0.0,0.0,,-0.013023708947002888,-0.03429378941655161,-0.14996381103992462
1680270161643821632,,0.0,0.0,0.0,,-0.014243408106267452,-0.034820131957530996,-0.14681096374988556
1680270161660148221,,0.0,0.0,0.0,,-0.01670977845788002,-0.03671155497431757,-0.1438484936952591
1680270161674583412,,0.0,0.0,0.0,,-0.016881702467799187,-0.03725738823413851,-0.1417970210313797
1680270161692828931,,0.0,0.0,0.0,,-0.018096761777997017,-0.037679519504308714,-0.13902387022972107
1680270161712098645,,0.0,0.0,0.0,,-0.018720539286732674,-0.03751540929079057,-0.13728445768356323
1680270161728109073,,0.0,0.0,0.0,,-0.019857056438922882,-0.03731659427285196,-0.13559700548648834
1680270161742796907,,0.0,0.0,0.0,,-0.020309042185544968,-0.037456713616848006,-0.13376770913600922
1680270161758253538,,0.0,0.0,0.0,,-0.021083036437630653,-0.03630855679512025,-0.13265201449394226
1680270161771906967,,0.0,0.0,0.0,,-0.020211944356560707,-0.035171091556549086,-0.13191159069538116
1680270161791215775,,0.0,0.0,0.0,,-0.021497389301657677,-0.03404411301016809,-0.1311092972755432
1680270161803149306,,0.0,0.0,0.0,,-0.021828660741448402,-0.03305621445178987,-0.13045404851436615
1680270161821917022,,0.0,0.0,0.0,,-0.022559301927685738,-0.03093384206295015,-0.12969227135181427
1680270161840158683,,0.0,0.0,0.0,,-0.02163751795887947,-0.02959434129297735,-0.12881942093372345
1680270161852050888,,0.0,0.0,0.0,,-0.021338555961847305,-0.02827734313905241,-0.12761209905147552
1680270161870619651,,0.0,0.0,0.0,,-0.021897971630096436,-0.027227414771914496,-0.12685273587703705
1680270161883960865,,0.0,0.0,0.0,,-0.02281465381383896,-0.02432704716920854,-0.1266268640756607
1680270161903170467,,0.0,0.0,0.0,,-0.020930979400873184,-0.022547308355569853,-0.1256435364484787
1680270161920429630,,0.0,0.0,0.0,,-0.02228640392422676,-0.02239038981497289,-0.12510228157043457
1680270161939986321,,0.0,0.0,0.0,,-0.020401494577527046,-0.01897532865405084,-0.12375311553478241
1680270161954583325,,0.0,0.0,0.0,,-0.019252240657806396,-0.017091145738959326,-0.12322460860013962
1680270161971686176,,0.0,0.0,0.0,,-0.018983514979481697,-0.015856666490435614,-0.12220706790685654
1680270161984945798,,0.0,0.0,0.0,,-0.018725065514445305,-0.013986112549901024,-0.12117498368024826
1680270162004043831,,0.0,0.0,0.0,,-0.017881542444229126,-0.01180362701416017,-0.1190088540315628
1680270162020414483,,0.0,0.0,0.0,,-0.014873744919896126,-0.01026193238794805,-0.11714950948953629
1680270162034924233,,0.0,0.0,0.0,,-0.01451097708195448,-0.009510562755167498,-0.11440891772508621
1680270162051351731,,0.0,0.0,0.0,,-0.01287685614079237,-0.007989049889147296,-0.11283556371927261
1680270162067948926,,0.0,0.0,0.0,,-0.011706232093274593,-0.006846436299383654,-0.1104075238108635
1680270162084562993,,0.0,0.0,0.0,,-0.009466498158872128,-0.0054349107667803894,-0.10774601250886917
1680270162103729755,,0.0,0.0,0.0,,-0.006752665154635906,-0.003919592127203954,-0.10466520488262177
1680270162119672746,,0.0,0.0,0.0,,-0.0059273578226566315,-0.004374576266855014,-0.10182879865169525
1680270162133324582,,0.0,0.0,0.0,,-0.004492552485316992,-0.004519952461123479,-0.09931614249944687
1680270162151694744,,0.0,0.0,0.0,,-0.00015704496763646603,-0.0032094614580273745,-0.09723416715860367
1680270162168523973,,0.0,0.0,0.0,,0.0005023765843361616,-0.0024729678407311557,-0.0950043573975563
1680270162182347279,,0.0,0.0,0.0,,0.002000173320993781,-0.0028824962209910267,-0.09359224885702133
1680270162202871891,,0.0,0.0,0.0,,0.004349546041339636,-0.0027112169191241377,-0.09151213616132736
1680270162222247293,,0.0,0.0,0.0,,0.006974545307457447,-0.0021159832831472267,-0.0898502990603447
1680270162237995450,,0.0,0.0,0.0,,0.008801346644759178,-0.0030869222246110548,-0.08916439861059189
1680270162252105353,,0.0,0.0,0.0,,0.009497554041445255,-0.004378555342555057,-0.08862123638391495
1680270162270787327,,0.0,0.0,0.0,,0.010005979798734188,-0.005440354347229014,-0.0871712788939476
1680270162288534985,,0.0,0.0,0.0,,0.010688696056604385,-0.005807419773191224,-0.08620797097682953
1680270162304424977,,0.0,0.0,0.0,,0.011527197435498238,-0.006525132339447747,-0.08494341373443604
1680270162322593561,,0.0,0.0,0.0,,0.010392838157713413,-0.007534506730735312,-0.08333434164524078
1680270162338044702,,0.0,0.0,0.0,,0.011971739120781422,-0.00730113871395589,-0.08245137333869934
1680270162352372653,,0.0,0.0,0.0,,0.010707812383770943,-0.008523923344910155,-0.0820329412817955
1680270162371291691,,0.0,0.0,0.0,,0.011572014540433884,-0.009923233650624762,-0.08015236258506775
1680270162388451078,,0.0,0.0,0.0,,0.010030563920736313,-0.010167438536882411,-0.07859429717063904
1680270162404752840,,0.0,0.0,0.0,,0.009360438212752342,-0.010464263148605832,-0.07701271027326584
1680270162422066425,,0.0,0.0,0.0,,0.008611162193119526,-0.011892789974808702,-0.07579083740711212
1680270162440972960,,0.0,0.0,0.0,,0.006532244384288788,-0.012253328226506719,-0.0734085813164711
1680270162452830580,,0.0,0.0,0.0,,0.005648182705044746,-0.011646161787211904,-0.07136557251214981
1680270162470719611,,0.0,0.0,0.0,,0.005575709510594606,-0.011998305097222337,-0.07001778483390808
1680270162484462007,,0.0,0.0,0.0,,0.003975528292357922,-0.012112461030483255,-0.06907887011766434
1680270162503408777,,0.0,0.0,0.0,,0.003384162439033389,-0.01169038377702237,-0.0672428235411644
1680270162520468016,,0.0,0.0,0.0,,0.0027732476592063904,-0.01176886912435294,-0.06628721207380295
1680270162538643383,,0.0,0.0,0.0,,0.0010615931823849678,-0.009991845116019258,-0.0646577998995781
1680270162554912766,,0.0,0.0,0.0,,-0.0016370428493246436,-0.011240639723837383,-0.06300841271877289
1680270162570109841,,0.0,0.0,0.0,,-0.0028926089871674776,-0.010952587239444263,-0.061278779059648514
1680270162591438567,,0.0,0.0,0.0,,-0.0024357980582863092,-0.008824931457638747,-0.05906481668353081
1680270162609407919,,0.0,0.0,0.0,,-0.0037001846358180046,-0.008207600563764579,-0.057275865226984024
1680270162625233601,,0.0,0.0,0.0,,-0.004571991041302681,-0.009175019338727004,-0.05608082935214043
1680270162640300534,,0.0,0.0,0.0,,-0.005949767772108316,-0.008649412542581565,-0.05477657541632652
1680270162659686535,,0.0,0.0,0.0,,-0.005446441471576691,-0.007088067475706345,-0.05233554169535637
1680270162673580394,,0.0,0.0,0.0,,-0.0051709855906665325,-0.006579266861081129,-0.05113830417394638
1680270162694237293,,0.0,0.0,0.0,,-0.006222556810826063,-0.006878667511045939,-0.04888816550374031
1680270162711028411,,0.0,0.0,0.0,,-0.005868595093488693,-0.005937564652413136,-0.04712126404047012
1680270162724299224,,0.0,0.0,0.0,,-0.005241495557129383,-0.004884253256022936,-0.04606883227825165
1680270162740471985,,0.0,0.0,0.0,,-0.0060284323990345,-0.003999629057943826,-0.045200981199741364
1680270162755136996,,0.0,0.0,0.0,,-0.005961141549050808,-0.004450706765055662,-0.043336499482393265
1680270162772271818,,0.0,0.0,0.0,,-0.006656580604612827,-0.004097571596503263,-0.041141707450151443
1680270162791018332,,0.0,0.0,0.0,,-0.005769823677837849,-0.004207868129014974,-0.039696499705314636
1680270162809582166,,0.0,0.0,0.0,,-0.005383147392421961,-0.005021089222282176,-0.037711627781391144
1680270162824834546,,0.0,0.0,0.0,,-0.00603953842073679,-0.004707292653620247,-0.036802589893341064
1680270162843025072,,0.0,0.0,0.0,,-0.005269221030175686,-0.004222270101308827,-0.035700395703315735
1680270162855307055,,0.0,0.0,0.0,,-0.005603290628641844,-0.004422145895659928,-0.03477652370929718
1680270162870257410,,0.0,0.0,0.0,,-0.006108736619353294,-0.005012597888708119,-0.03322844207286835
1680270162890526413,,0.0,0.0,0.0,,-0.005912349559366703,-0.006240908987820152,-0.031547997146844864
1680270162905118929,,0.0,0.0,0.0,,-0.005523978266865015,-0.006247540004551414,-0.029179062694311142
1680270162921235254,,0.0,0.0,0.0,,-0.003952738828957081,-0.005664644297212366,-0.027937384322285652
1680270162940944571,,0.0,0.0,0.0,,-0.005585795734077692,-0.005570284090936187,-0.027570977807044983
1680270162955397916,,0.0,0.0,0.0,,-0.005410987418144941,-0.00616600597277284,-0.026379726827144623
1680270162971505195,,0.0,0.0,0.0,,-0.00473229493945837,-0.006283272989094261,-0.02501106448471546
1680270162988351005,,0.0,0.0,0.0,,-0.005196514539420605,-0.0055249510332942035,-0.024197665974497795
1680270163005232562,,0.0,0.0,0.0,,-0.005330988205969334,-0.005507686641067269,-0.023073604330420494
1680270163023232551,,0.0,0.0,0.0,,-0.004838063381612301,-0.004689039662480357,-0.02167903073132038
1680270163039359827,,0.0,0.0,0.0,,-0.0048193177208304405,-0.004386365879327061,-0.020804205909371376
1680270163054110799,,0.0,0.0,0.0,,-0.005377061665058136,-0.0037635685876011874,-0.019683711230754852
1680270163071035006,,0.0,0.0,0.0,,-0.0057277921587228775,-0.0021676432806998513,-0.01844416931271553
1680270163091100909,,0.0,0.0,0.0,,-0.0050486186519265175,-0.0009346145670861026,-0.017069095745682716
1680270163105120263,,0.0,0.0,0.0,,-0.006053135730326176,-4.715891554951867e-05,-0.01628296822309494
1680270163120162018,,0.0,0.0,0.0,,-0.006499083712697029,0.0006995075382292252,-0.014749235473573208
1680270163134999542,,0.0,0.0,0.0,,-0.006524508818984032,0.0017224134644493443,-0.013798173516988754
1680270163152621204,,0.0,0.0,0.0,,-0.005871754605323076,0.002310713287442921,-0.01299692690372467
1680270163169087644,,0.0,0.0,0.0,,-0.007731660734862089,0.0031453999690711485,-0.011313127353787422
1680270163184411097,,0.0,0.0,0.0,,-0.007553860079497099,0.0045082690194249144,-0.010086075402796268
1680270163203043890,,0.0,0.0,0.0,,-0.007604118902236223,0.005274747498333453,-0.008731737732887268
1680270163223163624,,0.0,0.0,0.0,,-0.008344543166458607,0.005986412987112998,-0.008018987253308296
1680270163239363355,,0.0,0.0,0.0,,-0.007050279527902603,0.007802440784871577,-0.007183967623859645
1680270163252643366,,0.0,0.0,0.0,,-0.006812950596213341,0.008653317578136921,-0.006388955283910037
1680270163270355116,,0.0,0.0,0.0,,-0.005898796487599611,0.00867005717009306,-0.0044887224212288865
1680270163288452737,,0.0,0.0,0.0,,-0.006364322267472744,0.008322419598698616,-0.0025007897056639203
1680270163304575745,,0.0,0.0,0.0,,-0.005520017817616463,0.009463043883442879,-0.0014325629454106103
1680270163323336397,,0.0,0.0,0.0,,-0.004008324351161718,0.009521941654384136,0.00038224185118451595
1680270163336848652,,0.0,0.0,0.0,,-0.0038039367645978928,0.008830769918859005,0.0023809648118913165
1680270163353503625,,0.0,0.0,0.0,,-0.0031584901735186577,0.009929151274263859,0.004205673001706599
1680270163370861653,,0.0,0.0,0.0,,-0.0026746997609734535,0.010564392432570457,0.00665230955928564
1680270163384595573,,0.0,0.0,0.0,,-0.002165029291063547,0.009733867831528189,0.008507026359438894
1680270163401350874,,0.0,0.0,0.0,,-0.0007706223987042904,0.010343168862164022,0.01043836213648319
1680270163422851962,,0.0,0.0,0.0,,0.000668682623654604,0.009255729615688326,0.014227842912077902
1680270163439828617,,0.0,0.0,0.0,,0.0008939623367041349,0.009355635382235052,0.01565442979335785
1680270163454100633,,0.0,0.0,0.0,,0.0015677548944950104,0.009392537176609041,0.017045238986611366
1680270163472461687,,0.0,0.0,0.0,,0.0026781626511365175,0.009706216864287855,0.01878933608531952
1680270163491672381,,0.0,0.0,0.0,,0.0033912379294633865,0.009715218096971514,0.019836928695440292
1680270163508669304,,0.0,0.0,0.0,,0.004038813523948193,0.0082075409591198,0.021593686193227768
1680270163524642522,,0.0,0.0,0.0,,0.004470530431717634,0.007834409363567833,0.022967776283621788
1680270163539516864,,0.0,0.0,0.0,,0.00544354785233736,0.007911903783679012,0.023842157796025276
1680270163554821001,,0.0,0.0,0.0,,0.005650435574352741,0.007547517307102683,0.02434210665524006
1680270163571781365,,0.0,0.0,0.0,,0.004911248572170734,0.006596961058676246,0.025592617690563202
1680270163589712205,,0.0,0.0,0.0,,0.006403996609151363,0.005850501358509067,0.02708517387509346
1680270163608730809,,0.0,0.0,0.0,,0.006075207144021988,0.004479354247450832,0.027499178424477577
1680270163624362689,,0.0,0.0,0.0,,0.006326270289719105,0.0038109761662781273,0.026882648468017578
1680270163640752827,,0.0,0.0,0.0,,0.007634329609572887,0.002741270931437615,0.02792767807841301
1680270163653985970,,0.0,0.0,0.0,,0.008243568241596222,0.0027287793345749413,0.028541672974824905
1680270163669291448,,0.0,0.0,0.0,,0.00788394920527935,0.0024677214678376948,0.02906186506152153
1680270163690197784,,0.0,0.0,0.0,,0.008015619590878487,0.0014560404233634507,0.029212865978479385
1680270163704500507,,0.0,0.0,0.0,,0.007973868399858475,0.0007180215325206554,0.0292474627494812
1680270163721645567,,0.0,0.0,0.0,,0.009327832609415054,0.0005207478534430301,0.029575858265161514
1680270163737552261,,0.0,0.0,0.0,,0.009558127261698246,-0.0005575933028012477,0.03007752075791359
1680270163752781016,,0.0,0.0,0.0,,0.009849051013588905,-0.0011929327156394683,0.03051135130226612
1680270163769151998,,0.0,0.0,0.0,,0.009978027082979679,-0.0008797163609415255,0.030733035877346992
1680270163787661781,,0.0,0.0,0.0,,0.010529421269893646,-0.0017271402757614814,0.030728349462151527
1680270163801410397,,0.0,0.0,0.0,,0.01055220514535904,-0.002340502804145213,0.03140433132648468
1680270163819890154,,0.0,0.0,0.0,,0.01073537953197956,-0.002733256667852398,0.03230582922697067
1680270163838889322,,0.0,0.0,0.0,,0.009960628114640713,-0.0024076444096863226,0.03398583456873894
1680270163852277895,,0.0,0.0,0.0,,0.009973977692425251,-0.002427721163257952,0.03510625287890434
1680270163870075075,,0.0,0.0,0.0,,0.00956858228892088,-0.0026688529178500128,0.037471458315849304
1680270163885349947,,0.0,0.0,0.0,,0.007814785465598106,-0.0035008147824555588,0.03972873091697693
1680270163903004840,,0.0,0.0,0.0,,0.007524441462010145,-0.0030179254245012947,0.04187146574258804
1680270163917837565,,0.0,0.0,0.0,,0.004784755874425173,-0.0020497422665357538,0.04423196241259575
1680270163932630385,,0.0,0.0,0.0,,0.004558967426419258,-0.002567427931353444,0.04672592133283615
1680270163950321597,,0.0,0.0,0.0,,0.004982238169759512,-0.0015148681122809588,0.04962972179055214
1680270163967420320,,0.0,0.0,0.0,,0.0009352823253720999,0.000479280482977635,0.05114712938666344
1680270163984993010,,0.0,0.0,0.0,,0.0005885150749236345,0.0011987478937953778,0.054157380014657974
1680270164002782846,,0.0,0.0,0.0,,-0.00118304044008255,0.0026257121935486863,0.055830489844083786
1680270164020189505,,0.0,0.0,0.0,,-0.0030220658518373966,0.004114255309104926,0.05749228224158287
1680270164035074357,,0.0,0.0,0.0,,-0.0028777539264410734,0.005260372068732984,0.058980561792850494
1680270164049413879,,0.0,0.0,0.0,,-0.0036290185526013374,0.006978124380111702,0.06046951189637184
1680270164064621054,,0.0,0.0,0.0,,-0.005085085518658161,0.008783419616520412,0.06104418262839317
1680270164080003006,,0.0,0.0,0.0,,-0.005084882490336895,0.010873676277697093,0.06219995766878128
1680270164098386122,,0.0,0.0,0.0,,-0.005547204986214638,0.012037244625389583,0.06238987669348717
1680270164111357064,,0.0,0.0,0.0,,-0.006058383733034134,0.013223242014646537,0.06262493133544922
1680270164132778092,,0.0,0.0,0.0,,-0.005535070784389973,0.015636648982763297,0.06323377043008804
1680270164150632189,,0.0,0.0,0.0,,-0.005871674977242947,0.016257960349321372,0.06305909901857376
1680270164164533591,,0.0,0.0,0.0,,-0.0055874609388411045,0.017654260620474822,0.06266574561595917
1680270164179981086,,0.0,0.0,0.0,,-0.006034201011061668,0.018395595252513892,0.06248852238059044
1680270164196623215,,0.0,0.0,0.0,,-0.007100936956703663,0.019690630957484252,0.062219925224781036
1680270164212605540,,0.0,0.0,0.0,,-0.006502984091639519,0.020599484443664558,0.061725638806819916
1680270164229156509,,0.0,0.0,0.0,,-0.0074582165107131,0.02029810473322869,0.0612778440117836
1680270164245244181,,0.0,0.0,0.0,,-0.006401649676263332,0.02042133919894696,0.06068049371242523
1680270164262174309,,0.0,0.0,0.0,,-0.005537056364119053,0.020530246198177345,0.0607294887304306
1680270164277917466,,0.0,0.0,0.0,,-0.00772753544151783,0.020367458462715156,0.06091955304145813
1680270164295348471,,0.0,0.0,0.0,,-0.0051881419494748116,0.01976250112056733,0.06115081161260605
1680270164313073987,,0.0,0.0,0.0,,-0.005367926321923733,0.019657364115118987,0.06222303956747055
1680270164329397019,,0.0,0.0,0.0,,-0.005467582494020462,0.01797954179346562,0.0625147819519043
1680270164344834074,,0.0,0.0,0.0,,-0.005265882238745689,0.017789190635085113,0.0635376125574112
1680270164360849541,,0.0,0.0,0.0,,-0.005161344539374113,0.016781885176897056,0.0646388977766037
1680270164377159149,,0.0,0.0,0.0,,-0.004616426303982735,0.014591152779757985,0.06639699637889862
1680270164395520153,,0.0,0.0,0.0,,-0.0024831555783748627,0.013754763640463361,0.06814104318618774
1680270164412067825,,0.0,0.0,0.0,,-0.003730388358235359,0.012063831090927133,0.06993342936038971
1680270164432076162,,0.0,0.0,0.0,,-0.0027461647987365723,0.009593917056918153,0.07277117669582367
1680270164449567840,,0.0,0.0,0.0,,-0.0016379011794924736,0.008221794851124295,0.07413452863693237
1680270164464044068,,0.0,0.0,0.0,,-0.0022825575433671474,0.0068944394588470554,0.0761471688747406
1680270164482659728,,0.0,0.0,0.0,,-0.0008846654091030359,0.0062406887300312614,0.07823001593351364
1680270164497373901,,0.0,0.0,0.0,,-0.0012440732680261135,0.0041420650668442345,0.08066828548908234
1680270164511776982,,0.0,0.0,0.0,,-0.000886259600520134,0.0028876205906272034,0.08172406256198883
1680270164530732308,,0.0,0.0,0.0,,-0.00020022294484078884,0.002317575970664631,0.08333471417427063
1680270164544874711,,0.0,0.0,0.0,,0.0005462141707539558,0.002535381587222229,0.08449893444776535
1680270164559481413,,0.0,0.0,0.0,,0.0004603492561727762,0.001447882037609826,0.08533018082380295
1680270164572612696,,0.0,0.0,0.0,,0.0011013001203536987,0.0014474461786449062,0.08627067506313324
1680270164592569655,,0.0,0.0,0.0,,0.0011333089787513018,0.0014587157638743628,0.08827152848243713
1680270164607955144,,0.0,0.0,0.0,,0.0015562421176582575,0.0020737713202834238,0.08789961785078049
1680270164625541169,,0.0,0.0,0.0,,0.001234299736097455,0.0009562929626554359,0.0885591208934784
1680270164641686208,,0.0,0.0,0.0,,0.0017426374834030867,0.001814380520954739,0.08909430354833603
1680270164657431950,,0.0,0.0,0.0,,0.0014944092836230993,0.0021066395565867537,0.09033529460430145
1680270164672955588,,0.0,0.0,0.0,,0.0017023051623255014,0.00284306355752052,0.09110099077224731
1680270164691356537,,0.0,0.0,0.0,,0.002469525672495365,0.003925336059182894,0.09154506027698517
1680270164707815403,,0.0,0.0,0.0,,0.003785869339480996,0.004677118267864,0.09151273965835571
1680270164721465035,,0.0,0.0,0.0,,0.0032122319098562002,0.004365721717476856,0.091718889772892
1680270164737434717,,0.0,0.0,0.0,,0.004405712243169546,0.005874287337064754,0.09213535487651825
1680270164752730166,,0.0,0.0,0.0,,0.0034925218205899,0.00664373440667988,0.09241033345460892
1680270164769815795,,0.0,0.0,0.0,,0.004808618221431971,0.007195929065346729,0.09284554421901703
1680270164784097319,,0.0,0.0,0.0,,0.0048934039659798145,0.007924931123852742,0.09320640563964844
1680270164799993763,,0.0,0.0,0.0,,0.004867590498179197,0.008583090268075478,0.09330698847770691
1680270164817825898,,0.0,0.0,0.0,,0.004991994239389896,0.009463333524763596,0.09332425147294998
1680270164833035147,,0.0,0.0,0.0,,0.006711065769195557,0.010303682647645486,0.09375379979610443
1680270164849316191,,0.0,0.0,0.0,,0.006395220756530762,0.009816822595894349,0.0936719998717308
1680270164867225451,,0.0,0.0,0.0,,0.00651688314974308,0.009501765482127679,0.09369044005870819
1680270164881995999,,0.0,0.0,0.0,,0.007286121137440205,0.009739971719682229,0.09455087780952454
1680270164900902113,,0.0,0.0,0.0,,0.006574252620339394,0.010640610940754426,0.09579941630363464
1680270164915350318,,0.0,0.0,0.0,,0.006621371954679489,0.010362003929913056,0.0968312919139862
1680270164932806490,,0.0,0.0,0.0,,0.007077681832015514,0.01100584212690593,0.09766381978988647
1680270164948033462,,0.0,0.0,0.0,,0.006607403978705406,0.010696194134652627,0.09767405688762665
1680270164964896364,,0.0,0.0,0.0,,0.005736956372857094,0.01085583306849004,0.09880561381578445
1680270164980997051,,0.0,0.0,0.0,,0.005751846358180046,0.011347735300660146,0.1001424491405487
1680270164995693911,,0.0,0.0,0.0,,0.006576287094503641,0.011303832754492772,0.10088417679071426
1680270165010778277,,0.0,0.0,0.0,,0.005236245691776276,0.011109434068202985,0.10141672939062119
1680270165024062154,,0.0,0.0,0.0,,0.00555868074297905,0.01198619604110719,0.10244829207658768
1680270165041241689,,0.0,0.0,0.0,,0.004898925311863422,0.01245278771966697,0.10407809168100357
1680270165057315074,,0.0,0.0,0.0,,0.0035156277008354664,0.01267393305897714,0.10461496561765671
1680270165071316504,,0.0,0.0,0.0,,0.004305463284254074,0.012880776077508939,0.10510368645191193
1680270165089375804,,0.0,0.0,0.0,,0.0030246744863688946,0.013231912627816214,0.10629626363515854
1680270165105281736,,0.0,0.0,0.0,,0.0021221532952040434,0.013281618244946017,0.10737920552492142
1680270165123436855,,0.0,0.0,0.0,,0.002477751113474369,0.013912969268858447,0.10867957770824432
1680270165139965672,,0.0,0.0,0.0,,0.0022674002684652805,0.013891563750803484,0.10983388125896454
1680270165152395512,,0.0,0.0,0.0,,0.0016291509382426739,0.014220273122191443,0.1113719567656517
1680270165170260799,,0.0,0.0,0.0,,0.00028212531469762325,0.01441969815641643,0.11212455481290817
1680270165186315780,,0.0,0.0,0.0,,-0.00017469516023993492,0.0150461681187153,0.1131116971373558
1680270165202860127,,0.0,0.0,0.0,,-0.0006246876437216997,0.01496728137135507,0.11468309909105301
1680270165220051022,,0.0,0.0,0.0,,-0.0008221527095884085,0.014933162368834033,0.11516482383012772
1680270165233227028,,0.0,0.0,0.0,,-0.0011036365758627653,0.014848160557448878,0.11596837639808655
1680270165249535964,,0.0,0.0,0.0,,-0.002295954618602991,0.01528136990964414,0.11568044126033783
1680270165264695881,,0.0,0.0,0.0,,-0.0042145997285842896,0.014692266471683993,0.11572717875242233
1680270165282213247,,0.0,0.0,0.0,,-0.0035823287907987833,0.014790114015340819,0.11641935259103775
1680270165299835469,,0.0,0.0,0.0,,-0.00444615725427866,0.01426603458821775,0.11692488193511963
1680270165315388081,,0.0,0.0,0.0,,-0.004699089098721743,0.013913110829889788,0.11705394089221954
1680270165333383000,,0.0,0.0,0.0,,-0.0052356780506670475,0.012960165739059462,0.11638543754816055
1680270165348174588,,0.0,0.0,0.0,,-0.00619923509657383,0.012761181220412268,0.11695628613233566
1680270165364930510,,0.0,0.0,0.0,,-0.00634706299751997,0.011967664584517493,0.11715365946292877
1680270165383048620,,0.0,0.0,0.0,,-0.006394364405423403,0.01065793633461,0.11778488010168076
1680270165401925149,,0.0,0.0,0.0,,-0.007089225575327873,0.010618579573929324,0.11837632209062576
1680270165420192588,,0.0,0.0,0.0,,-0.0067288633435964584,0.010654112324118628,0.11862039566040039
1680270165433206831,,0.0,0.0,0.0,,-0.007788325659930706,0.010035870596766486,0.11853587627410889
1680270165449449062,,0.0,0.0,0.0,,-0.006675858981907368,0.009931542910635485,0.11992858350276947
1680270165464541403,,0.0,0.0,0.0,,-0.007857630960643291,0.010752988047897831,0.12082722783088684
1680270165480505925,,0.0,0.0,0.0,,-0.008143757469952106,0.00944135151803495,0.12126364558935165
1680270165497123969,,0.0,0.0,0.0,,-0.007540498394519091,0.010324575006961838,0.1220424473285675
1680270165511984996,,0.0,0.0,0.0,,-0.007647067308425903,0.01073769666254522,0.12225290387868881
1680270165529656511,,0.0,0.0,0.0,,-0.006987476721405983,0.011032401584088818,0.12313074618577957
1680270165541873563,,0.0,0.0,0.0,,-0.00844827201217413,0.011123047210276142,0.1242884173989296
1680270165559526733,,0.0,0.0,0.0,,-0.006977017968893051,0.011813571676611916,0.12526516616344452
1680270165573929404,,0.0,0.0,0.0,,-0.006982895545661449,0.013003998436033741,0.12663620710372925
1680270165593188037,,0.0,0.0,0.0,,-0.006566754076629877,0.014255340211093441,0.12756039202213287
1680270165611707006,,0.0,0.0,0.0,,-0.005884350277483463,0.015850374475121515,0.1285034418106079
1680270165628333577,,0.0,0.0,0.0,,-0.005893209017813206,0.016326554119586962,0.12976038455963135
1680270165645169899,,0.0,0.0,0.0,,-0.006376642733812332,0.017103821039199846,0.1306266039609909
1680270165662021600,,0.0,0.0,0.0,,-0.004059432074427605,0.018544042482972162,0.1310695856809616
1680270165678320657,,0.0,0.0,0.0,,-0.0034285166766494513,0.019871864467859286,0.13142889738082886
1680270165694460187,,0.0,0.0,0.0,,-0.004314159508794546,0.02106250263750555,0.13174401223659515
1680270165711549522,,0.0,0.0,0.0,,-0.002484605647623539,0.023226885125041025,0.13296347856521606
1680270165727965419,,0.0,0.0,0.0,,-0.0020318992901593447,0.024094246327877062,0.1335199624300003
1680270165742847986,,0.0,0.0,0.0,,-0.0014485435094684362,0.024183666333556193,0.1330687254667282
1680270165758673618,,0.0,0.0,0.0,,-0.0008578330744057894,0.024136718362569826,0.13340210914611816
1680270165773258860,,0.0,0.0,0.0,,-0.0002886082511395216,0.02483556233346464,0.133215069770813
1680270165787745127,,0.0,0.0,0.0,,7.946090772747993e-05,0.024667026475071924,0.13319209218025208
1680270165805384922,,0.0,0.0,0.0,,-5.19254244863987e-05,0.025243166834116,0.13377098739147186
1680270165819531092,,0.0,0.0,0.0,,0.0012010191567242146,0.02496250346302988,0.1350635588169098
1680270165835488761,,0.0,0.0,0.0,,0.002974453615024686,0.023899042978882807,0.1354764699935913
1680270165849915516,,0.0,0.0,0.0,,0.003383117727935314,0.023320646956563013,0.136199489235878
1680270165870562757,,0.0,0.0,0.0,,0.004513620864599943,0.022449323907494562,0.1369761973619461
1680270165884066877,,0.0,0.0,0.0,,0.004167749546468258,0.02203165180981161,0.13784989714622498
1680270165900656328,,0.0,0.0,0.0,,0.004665501415729523,0.020342662930488604,0.13827481865882874
1680270165917680091,,0.0,0.0,0.0,,0.005360735114663839,0.018307376652956026,0.13953325152397156
1680270165935760460,,0.0,0.0,0.0,,0.005575774237513542,0.01561956666409971,0.14047002792358398
1680270165949706486,,0.0,0.0,0.0,,0.0058795856311917305,0.014594216831028479,0.14111042022705078
1680270165964144953,,0.0,0.0,0.0,,0.005972717888653278,0.013724144548177736,0.1414014846086502
1680270165980988810,,0.0,0.0,0.0,,0.0056650517508387566,0.012978994287550467,0.14169102907180786
1680270165998354041,,0.0,0.0,0.0,,0.00800345465540886,0.010561941191554087,0.1419815868139267
1680270166013158984,,0.0,0.0,0.0,,0.006707990542054176,0.009262235835194605,0.14238519966602325
1680270166029548821,,0.0,0.0,0.0,,0.00828331895172596,0.008591034449636954,0.14336375892162323
1680270166048018198,,0.0,0.0,0.0,,0.0078298170119524,0.008104884997010248,0.14412406086921692
1680270166063187983,,0.0,0.0,0.0,,0.00714813731610775,0.007081273943185824,0.14444732666015625
1680270166079710378,,0.0,0.0,0.0,,0.008306934498250484,0.0059962230734527285,0.14491550624370575
1680270166100201738,,0.0,0.0,0.0,,0.008189085870981216,0.005410461686551589,0.14570118486881256
1680270166114809842,,0.0,0.0,0.0,,0.006715759169310331,0.005839410237967986,0.1458839625120163
1680270166133220359,,0.0,0.0,0.0,,0.007276083342730999,0.005656935274601001,0.14606092870235443
1680270166145228290,,0.0,0.0,0.0,,0.007034351117908955,0.005793023854494113,0.14688004553318024
1680270166161399789,,0.0,0.0,0.0,,0.006029196083545685,0.006591918878257293,0.1479223072528839
1680270166177339434,,0.0,0.0,0.0,,0.005931348539888859,0.007350768893957156,0.14917558431625366
1680270166193500633,,0.0,0.0,0.0,,0.005123741924762726,0.007581341080367583,0.15058806538581848
1680270166210034109,,0.0,0.0,0.0,,0.0035336464643478394,0.008548231795430202,0.15075814723968506
1680270166229476897,,0.0,0.0,0.0,,0.00429306086152792,0.010498162358999271,0.15122894942760468
1680270166248286069,,0.0,0.0,0.0,,0.003525880165398121,0.011243397369980831,0.152223140001297
1680270166263079932,,0.0,0.0,0.0,,0.004025585483759642,0.012506352737545986,0.15228424966335297
1680270166280229790,,0.0,0.0,0.0,,0.0018942102324217558,0.0146437017247081,0.15256494283676147
1680270166297252732,,0.0,0.0,0.0,,0.0034569725394248962,0.016877977177500742,0.1524152010679245
1680270166312210971,,0.0,0.0,0.0,,0.0031098192557692528,0.01774444058537485,0.1522616595029831
1680270166331246807,,0.0,0.0,0.0,,0.0023088513407856226,0.019124675542116183,0.15267127752304077
1680270166349837221,,0.0,0.0,0.0,,0.0028965133242309093,0.02079970948398115,0.15245971083641052
1680270166364060426,,0.0,0.0,0.0,,0.0035017668269574642,0.021768774837255495,0.15237322449684143
1680270166381080722,,0.0,0.0,0.0,,0.002623447449877858,0.02273202687501909,0.1523464173078537
1680270166401354344,,0.0,0.0,0.0,,0.0029552571941167116,0.02382107451558115,0.1522098183631897
1680270166414843976,,0.0,0.0,0.0,,0.0032290606759488583,0.024260004982352274,0.15218959748744965
1680270166431792428,,0.0,0.0,0.0,,0.0039694644510746,0.02568898722529413,0.1526971161365509
1680270166447862337,,0.0,0.0,0.0,,0.0017170780338346958,0.024262586608529108,0.15377743542194366
1680270166464388770,,0.0,0.0,0.0,,0.004158567637205124,0.024467881768941897,0.15367233753204346
1680270166481161844,,0.0,0.0,0.0,,0.0033489048946648836,0.02457296848297121,0.15423302352428436
1680270166497784256,,0.0,0.0,0.0,,0.003234086325392127,0.023736868053674715,0.1544395238161087
1680270166514158154,,0.0,0.0,0.0,,0.0024463257286697626,0.022772155702114123,0.1554022580385208
1680270166532020946,,0.0,0.0,0.0,,0.003775530494749546,0.02252962253987791,0.15558667480945587
1680270166547861375,,0.0,0.0,0.0,,0.001996987732127309,0.021997366100549715,0.1555454432964325
1680270166560896207,,0.0,0.0,0.0,,0.0027979689184576273,0.02196803316473963,0.1560841053724289
1680270166578143098,,0.0,0.0,0.0,,0.0034030608367174864,0.02147164940834047,0.1554279327392578
1680270166594037218,,0.0,0.0,0.0,,0.003345208242535591,0.020321846008300802,0.15600857138633728
1680270166610389294,,0.0,0.0,0.0,,0.004024672321975231,0.020116554573178312,0.15634870529174805
1680270166627767320,,0.0,0.0,0.0,,0.0031905476935207844,0.0191236734390259,0.15709154307842255
1680270166643812572,,0.0,0.0,0.0,,0.004775607958436012,0.017950883135199568,0.15760819613933563
1680270166662366398,,0.0,0.0,0.0,,0.003950754180550575,0.01685154438018801,0.15830737352371216
1680270166677437137,,0.0,0.0,0.0,,0.003656709333881736,0.016678530722856542,0.15936891734600067
1680270166693782712,,0.0,0.0,0.0,,0.00495915487408638,0.017008412629365942,0.16090917587280273
1680270166711979859,,0.0,0.0,0.0,,0.0036079897545278072,0.015359227545559425,0.16118073463439941
1680270166729741322,,0.0,0.0,0.0,,0.0035116535145789385,0.014886622317135353,0.16279393434524536
1680270166742987940,,0.0,0.0,0.0,,0.004065344110131264,0.0151763688772917,0.1639656126499176
1680270166761347702,,0.0,0.0,0.0,,0.0017114805523306131,0.015566261485219023,0.16487975418567657
1680270166774143457,,0.0,0.0,0.0,,0.0020479850936681032,0.014900260604918024,0.16499333083629608
1680270166791967186,,0.0,0.0,0.0,,0.0011259885504841805,0.01495706569403412,0.16574236750602722
1680270166811502026,,0.0,0.0,0.0,,0.0005496533121913671,0.016362067312002203,0.1664120852947235
1680270166827997540,,0.0,0.0,0.0,,-0.001377389649860561,0.01630961522459986,0.1669839471578598
1680270166843752580,,0.0,0.0,0.0,,-0.0020954743959009647,0.017972273752093336,0.16703207790851593
1680270166863386796,,0.0,0.0,0.0,,-0.0023760434705764055,0.01825263537466528,0.1672477424144745
1680270166880715680,,0.0,0.0,0.0,,-0.00403518695384264,0.018187372013926527,0.16737891733646393
1680270166897171000,,0.0,0.0,0.0,,-0.0054397741332650185,0.019865145906806013,0.16700877249240875
1680270166914047548,,0.0,0.0,0.0,,-0.005361432209610939,0.020850615575909635,0.1675131469964981
1680270166933214730,,0.0,0.0,0.0,,-0.006520682945847511,0.02230583317577841,0.16734187304973602
1680270166949217142,,0.0,0.0,0.0,,-0.00742541067302227,0.023393707349896452,0.16739660501480103
1680270166968428557,,0.0,0.0,0.0,,-0.008045509457588196,0.023902643471956274,0.1679423749446869
1680270166982108175,,0.0,0.0,0.0,,-0.006998784840106964,0.02529166080057623,0.16791895031929016
1680270167000345588,,0.0,0.0,0.0,,-0.00665502343326807,0.02632320672273638,0.1690608561038971
1680270167014379278,,0.0,0.0,0.0,,-0.007897437550127506,0.0266618747264147,0.1690942496061325
1680270167030474103,,0.0,0.0,0.0,,-0.007370950188487768,0.02784882113337519,0.16861359775066376
1680270167047943009,,0.0,0.0,0.0,,-0.006243491545319557,0.02822936512529852,0.1689644157886505
1680270167061933278,,0.0,0.0,0.0,,-0.005284647457301617,0.02821994945406916,0.16927377879619598
1680270167080429776,,0.0,0.0,0.0,,-0.003989960066974163,0.029033510014414808,0.17004849016666412
1680270167097257382,,0.0,0.0,0.0,,-0.0043142419308424,0.029244154691696188,0.1699116826057434
1680270167113764739,,0.0,0.0,0.0,,-0.00346179585903883,0.0289701893925667,0.17038413882255554
1680270167130294708,,0.0,0.0,0.0,,-0.0029398028273135424,0.028767280280590078,0.17110411822795868
1680270167148039189,,0.0,0.0,0.0,,-0.0014879369409754872,0.029023125767707846,0.17147041857242584
1680270167161963785,,0.0,0.0,0.0,,-0.0004746455233544111,0.02807968296110632,0.171412393450737
1680270167178013536,,0.0,0.0,0.0,,-0.0004732133820652962,0.027739953249692938,0.17137132585048676
1680270167192984670,,0.0,0.0,0.0,,0.0009627493564039469,0.02766285277903082,0.17178243398666382
1680270167210220530,,0.0,0.0,0.0,,0.0009228948038071394,0.02587023936212065,0.1725836843252182
1680270167227827103,,0.0,0.0,0.0,,0.0020530233159661293,0.025422152131795904,0.17290684580802917
1680270167244220717,,0.0,0.0,0.0,,0.0016217040829360485,0.02407720871269705,0.1732081174850464
1680270167261338676,,0.0,0.0,0.0,,0.0019007415976375341,0.02247106283903124,0.17396299540996552
1680270167277806650,,0.0,0.0,0.0,,0.002837042324244976,0.02128782868385317,0.1744091510772705
1680270167293655064,,0.0,0.0,0.0,,0.0029441595543175936,0.021027160808444044,0.17537590861320496
1680270167310790837,,0.0,0.0,0.0,,0.003924867603927851,0.020864183083176634,0.1756623387336731
1680270167330200874,,0.0,0.0,0.0,,0.0037766844034194946,0.019699644297361395,0.17608648538589478
1680270167348311289,,0.0,0.0,0.0,,0.0031521122436970472,0.018311269581317922,0.1773984283208847
1680270167362501462,,0.0,0.0,0.0,,0.004828394390642643,0.019380729645490667,0.17778263986110687
1680270167379990595,,0.0,0.0,0.0,,0.003956021275371313,0.018611891195178053,0.1778871864080429
1680270167394296905,,0.0,0.0,0.0,,0.005554228089749813,0.018211698159575483,0.1783604621887207
1680270167412069759,,0.0,0.0,0.0,,0.006304405629634857,0.017279699444770834,0.1797282099723816
1680270167424427835,,0.0,0.0,0.0,,0.006780799478292465,0.01661132276058199,0.1796584576368332
1680270167441863489,,0.0,0.0,0.0,,0.006913096643984318,0.01571454852819445,0.18086549639701843
1680270167457458619,,0.0,0.0,0.0,,0.007111331447958946,0.015599208883941196,0.18130314350128174
1680270167472057927,,0.0,0.0,0.0,,0.006355214864015579,0.01487508509308102,0.18132375180721283
1680270167492397933,,0.0,0.0,0.0,,0.00781903974711895,0.0150681082159281,0.18141382932662964
1680270167509453936,,0.0,0.0,0.0,,0.007471752818673849,0.013476336374878906,0.18101799488067627
1680270167525264520,,0.0,0.0,0.0,,0.008297761902213097,0.013550544157624267,0.18023264408111572
1680270167541771246,,0.0,0.0,0.0,,0.008768480271100998,0.014367815107107185,0.18040074408054352
1680270167557575788,,0.0,0.0,0.0,,0.007335165049880743,0.013363674283027671,0.1799108386039734
1680270167572284160,,0.0,0.0,0.0,,0.007877375930547714,0.01253013685345652,0.17955318093299866
1680270167592080349,,0.0,0.0,0.0,,0.008733530528843403,0.011794198304414772,0.1792357712984085
1680270167608415334,,0.0,0.0,0.0,,0.008160753175616264,0.012396992184221767,0.17926137149333954
1680270167627621549,,0.0,0.0,0.0,,0.0074995942413806915,0.012067953124642395,0.17915324866771698
1680270167644312039,,0.0,0.0,0.0,,0.006386489607393742,0.010595012456178688,0.1799090951681137
1680270167661081646,,0.0,0.0,0.0,,0.006941542495042086,0.010080618783831619,0.17949146032333374
1680270167677815838,,0.0,0.0,0.0,,0.0068005723878741264,0.01067946292459967,0.18026365339756012
1680270167700412825,,0.0,0.0,0.0,,0.00620623305439949,0.010315267369151138,0.18107269704341888
1680270167714879435,,0.0,0.0,0.0,,0.0048950351774692535,0.009869962930679344,0.18218162655830383
1680270167730814882,,0.0,0.0,0.0,,0.0038871197029948235,0.010009340941905998,0.18399974703788757
1680270167749923525,,0.0,0.0,0.0,,0.00390934944152832,0.010803330689668678,0.18413513898849487
1680270167768707801,,0.0,0.0,0.0,,0.0033822115510702133,0.01091041695326569,0.18555684387683868
1680270167781757220,,0.0,0.0,0.0,,0.002886515576392412,0.011319231241941475,0.1854405701160431
1680270167800836779,,0.0,0.0,0.0,,0.0018815817311406136,0.012588853947818302,0.18638356029987335
1680270167816573875,,0.0,0.0,0.0,,0.0010216385126113892,0.013842490501701854,0.18731240928173065
1680270167832389247,,0.0,0.0,0.0,,0.0011032444890588522,0.01487098075449469,0.1879245489835739
1680270167848937451,,0.0,0.0,0.0,,0.0009653526358306408,0.016622873023152376,0.18806305527687073
1680270167868475106,,0.0,0.0,0.0,,7.2373077273368835e-06,0.018599536269903207,0.18829981982707977
1680270167881733045,,0.0,0.0,0.0,,-0.00045071495696902275,0.019800994545221353,0.18867866694927216
1680270167899485431,,0.0,0.0,0.0,,-0.0008012815378606319,0.022310836240649248,0.18769218027591705
1680270167917227637,,0.0,0.0,0.0,,-0.0017836913466453552,0.023917036131024385,0.1885707676410675
1680270167931993437,,0.0,0.0,0.0,,-0.0011043325066566467,0.02586036175489428,0.18838243186473846
1680270167948249635,,0.0,0.0,0.0,,-0.0027359852101653814,0.028142314404249216,0.1879674345254898
1680270167969892968,,0.0,0.0,0.0,,-0.0032162382267415524,0.030144119635224367,0.1880664974451065
1680270167984421113,,0.0,0.0,0.0,,-0.0037735223304480314,0.032431550323963186,0.18838773667812347
1680270168002077199,,0.0,0.0,0.0,,-0.0038821310736238956,0.03297662362456324,0.1872037649154663
1680270168020649659,,0.0,0.0,0.0,,-0.003212539479136467,0.03633260726928713,0.18672285974025726
1680270168036299071,,0.0,0.0,0.0,,-0.0044781798496842384,0.03724527359008791,0.18704946339130402
1680270168052175307,,0.0,0.0,0.0,,-0.003145317081362009,0.0395205579698086,0.18718364834785461
1680270168069991793,,0.0,0.0,0.0,,-0.004343641456216574,0.04112125933170321,0.18741591274738312
1680270168088823989,,0.0,0.0,0.0,,-0.0040620542131364346,0.042611658573150656,0.18662814795970917
1680270168104855786,,0.0,0.0,0.0,,-0.00541488453745842,0.0432783327996731,0.18763834238052368
1680270168120418556,,0.0,0.0,0.0,,-0.004290000535547733,0.04383210092782976,0.1872619390487671
1680270168136009248,,0.0,0.0,0.0,,-0.004222646821290255,0.04341233894228937,0.1876087486743927
1680270168150288658,,0.0,0.0,0.0,,-0.00437717791646719,0.043279778212308904,0.1883990317583084
1680270168168276004,,0.0,0.0,0.0,,-0.0033911499194800854,0.04350949078798296,0.18876056373119354
1680270168184401526,,0.0,0.0,0.0,,-0.004016029182821512,0.04299671947956087,0.18933235108852386
1680270168202562647,,0.0,0.0,0.0,,-0.002814280102029443,0.042194027453660986,0.1906442791223526
1680270168221222430,,0.0,0.0,0.0,,-0.0015475817490369081,0.04097332060337069,0.19184492528438568
1680270168237155022,,0.0,0.0,0.0,,-0.0028242135886102915,0.03941842541098597,0.19224309921264648
1680270168253149119,,0.0,0.0,0.0,,-0.0017812062287703156,0.03718625009059908,0.19323913753032684
1680270168270235909,,0.0,0.0,0.0,,-0.002000021282583475,0.036442317068576834,0.19397495687007904
1680270168285084434,,0.0,0.0,0.0,,-0.0019114468013867736,0.03507826477289202,0.1946069896221161
1680270168304310075,,0.0,0.0,0.0,,-0.00019262917339801788,0.032461099326610586,0.19534912705421448
1680270168318919292,,0.0,0.0,0.0,,0.0009505103807896376,0.030809555202722574,0.19580300152301788
1680270168334728162,,0.0,0.0,0.0,,0.0002828598953783512,0.028807090595364595,0.19635891914367676
1680270168349679799,,0.0,0.0,0.0,,-0.00030466075986623764,0.02786466851830485,0.19642072916030884
1680270168369051714,,0.0,0.0,0.0,,1.8703285604715347e-05,0.02551321126520636,0.19604343175888062
1680270168385305377,,0.0,0.0,0.0,,0.0008130997885018587,0.023446265608072305,0.19621172547340393
1680270168401190641,,0.0,0.0,0.0,,0.00047990866005420685,0.021229423582553888,0.19537968933582306
1680270168421215948,,0.0,0.0,0.0,,0.0003004060126841068,0.020214382559061075,0.19514930248260498
1680270168434479678,,0.0,0.0,0.0,,-0.0003689075820147991,0.019091486930847192,0.19513462483882904
1680270168449790737,,0.0,0.0,0.0,,-0.001592824119143188,0.016671942546963716,0.1942960023880005
1680270168467944544,,0.0,0.0,0.0,,-0.0003082884941250086,0.014946859329938913,0.1932545006275177
1680270168484671402,,0.0,0.0,0.0,,-0.0007948020938783884,0.013704068027436758,0.19338133931159973
1680270168501720602,,0.0,0.0,0.0,,-0.0009115901775658131,0.012877438217401529,0.1930832415819168
1680270168514598710,,0.0,0.0,0.0,,-0.0017889132723212242,0.013118988834321523,0.1924448162317276
1680270168533025327,,0.0,0.0,0.0,,-0.00027840398252010345,0.011805686168372654,0.19105277955532074
1680270168549738149,,0.0,0.0,0.0,,-0.0014465444255620241,0.011215696111321472,0.18960289657115936
1680270168565205941,,0.0,0.0,0.0,,-0.00028235092759132385,0.010685144923627399,0.18861432373523712
1680270168582644500,,0.0,0.0,0.0,,-0.0009111824911087751,0.010150902904570125,0.18771138787269592
1680270168600209966,,0.0,0.0,0.0,,8.816365152597427e-05,0.009279795922338985,0.18712210655212402
1680270168614238577,,0.0,0.0,0.0,,-0.0008012340404093266,0.008876077830791496,0.18599474430084229
1680270168630168593,,0.0,0.0,0.0,,0.0002732535358518362,0.008182635530829452,0.18599334359169006
1680270168649201254,,0.0,0.0,0.0,,0.0009502063039690256,0.008243040181696437,0.18649445474147797
1680270168668608014,,0.0,0.0,0.0,,0.00137919164262712,0.008814055472612404,0.18611860275268555
1680270168682827422,,0.0,0.0,0.0,,0.0030366501305252314,0.007967451587319397,0.18559598922729492
1680270168701396134,,0.0,0.0,0.0,,0.0018339559901505709,0.00808958522975447,0.18715479969978333
1680270168714758389,,0.0,0.0,0.0,,0.0047304667532444,0.009407144971191906,0.18570761382579803
1680270168731153776,,0.0,0.0,0.0,,0.00046943663619458675,0.0074377078562975155,0.18556369841098785
1680270168750757395,,0.0,0.0,0.0,,0.005904677323997021,0.0076796952635050045,0.18613092601299286
1680270168764172528,,0.0,0.0,0.0,,0.0047384221106767654,0.007901427336037182,0.1868402659893036
1680270168780374544,,0.0,0.0,0.0,,0.005976593121886253,0.008288578130304836,0.18758372962474823
1680270168799257064,,0.0,0.0,0.0,,0.004277754575014114,0.009421424940228485,0.18822360038757324
1680270168814774919,,0.0,0.0,0.0,,0.0015016102697700262,0.009010582230985187,0.1881684958934784
1680270168830558563,,0.0,0.0,0.0,,0.009089669212698936,0.010773047804832481,0.18787609040737152
1680270168845184130,,0.0,0.0,0.0,,0.0055565619841217995,0.01118991989642384,0.18839776515960693
1680270168861385685,,0.0,0.0,0.0,,0.0033425174187868834,0.011933436617255233,0.18825115263462067
1680270168873464368,,0.0,0.0,0.0,,0.0042127282358706,0.01254064589738848,0.1879962682723999
1680270168892438249,,0.0,0.0,0.0,,0.004908581729978323,0.013429319486022018,0.1871265470981598
1680270168910624406,,0.0,0.0,0.0,,0.006334064062684774,0.015203036367893242,0.1867080181837082
1680270168928953340,,0.0,0.0,0.0,,0.004569069482386112,0.01636380515992644,0.18613964319229126
1680270168944989065,,0.0,0.0,0.0,,0.003328690305352211,0.017477024346590066,0.18467296659946442
1680270168961019560,,0.0,0.0,0.0,,0.00589602068066597,0.019514529034495375,0.18358728289604187
1680270168978270889,,0.0,0.0,0.0,,0.00455599557608366,0.02071857638657095,0.1834610402584076
1680270168994823420,,0.0,0.0,0.0,,0.0044787172228097916,0.02159542404115202,0.18260833621025085
1680270169010716879,,0.0,0.0,0.0,,0.0045667788945138454,0.02288440987467768,0.18125343322753906
1680270169026690007,,0.0,0.0,0.0,,0.003926248289644718,0.02407376840710642,0.18107154965400696
1680270169043605227,,0.0,0.0,0.0,,0.0055322772823274136,0.025182852521538755,0.18007588386535645
1680270169061452029,,0.0,0.0,0.0,,0.004321833606809378,0.02674989774823191,0.18007639050483704
1680270169073480007,,0.0,0.0,0.0,,0.004590170457959175,0.027611054480075857,0.18005281686782837
1680270169093480468,,0.0,0.0,0.0,,0.004110096022486687,0.02851194702088835,0.17920474708080292
1680270169113500536,,0.0,0.0,0.0,,0.0029887440614402294,0.029025129973888418,0.17843586206436157
1680270169131159346,,0.0,0.0,0.0,,0.00510114710777998,0.03257165104150774,0.17778612673282623
1680270169144389604,,0.0,0.0,0.0,,0.0029077280778437853,0.03276221454143526,0.1779695302248001
1680270169162538141,,0.0,0.0,0.0,,0.0043366146273911,0.033472198992967626,0.17860247194766998
1680270169180739887,,0.0,0.0,0.0,,0.000302670756354928,0.033840160816907904,0.1794624626636505
1680270169194058920,,0.0,0.0,0.0,,0.005750900134444237,0.03603629022836687,0.17825666069984436
1680270169211497679,,0.0,0.0,0.0,,0.0011187465861439705,0.03604473173618319,0.17974455654621124
1680270169228567518,,0.0,0.0,0.0,,-0.0014276670990511775,0.035638634115457556,0.18111974000930786
1680270169242596439,,0.0,0.0,0.0,,0.0025354153476655483,0.037313688546419164,0.1811690777540207
1680270169261566403,,0.0,0.0,0.0,,-0.0005016056820750237,0.037795428186655065,0.18210896849632263
1680270169274508350,,0.0,0.0,0.0,,-0.0012075004633516073,0.03734758123755457,0.18264417350292206
1680270169294754110,,0.0,0.0,0.0,,-0.0019363358151167631,0.036626391112804434,0.18337425589561462
1680270169311910301,,0.0,0.0,0.0,,-0.0029237885028123856,0.03680100664496424,0.18468640744686127
1680270169329196465,,0.0,0.0,0.0,,-0.0018968699732795358,0.036464888602495214,0.1840612143278122
1680270169345193146,,0.0,0.0,0.0,,-0.003527428023517132,0.0359042212367058,0.1844688355922699
1680270169361182926,,0.0,0.0,0.0,,-0.005171014927327633,0.03398435562849047,0.18501758575439453
1680270169374943875,,0.0,0.0,0.0,,-0.0020852950401604176,0.03367382287979128,0.18481820821762085
1680270169393405688,,0.0,0.0,0.0,,-0.004616088699549437,0.032556042075157186,0.18496251106262207
1680270169408641617,,0.0,0.0,0.0,,-0.005317788105458021,0.031622447073459646,0.18582306802272797
1680270169424432794,,0.0,0.0,0.0,,-0.004938678815960884,0.03094629198312762,0.18527838587760925
1680270169441384191,,0.0,0.0,0.0,,-0.006281192414462566,0.02888385578989985,0.18521396815776825
1680270169459473437,,0.0,0.0,0.0,,-0.0016148609574884176,0.0276211313903332,0.1855766475200653
1680270169473981976,,0.0,0.0,0.0,,-0.005286207422614098,0.025127537548542047,0.1856413632631302
1680270169492934776,,0.0,0.0,0.0,,-0.0049589574337005615,0.024136010557413125,0.18539877235889435
1680270169510341105,,0.0,0.0,0.0,,-0.001566777704283595,0.023144790902733827,0.18583443760871887
1680270169527134858,,0.0,0.0,0.0,,-0.0040925308130681515,0.0210827421396971,0.1860736459493637
1680270169542955931,,0.0,0.0,0.0,,-0.0023545296862721443,0.01961876824498179,0.1851712316274643
1680270169557792954,,0.0,0.0,0.0,,-0.002829677890986204,0.0191614627838135,0.18544615805149078
1680270169573362627,,0.0,0.0,0.0,,-0.001532062771730125,0.017983539029955888,0.18568329513072968
1680270169594953372,,0.0,0.0,0.0,,-0.00012198113836348057,0.017268877476453805,0.1850932240486145
1680270169610301481,,0.0,0.0,0.0,,-0.0026637802366167307,0.016187243163585687,0.18469828367233276
1680270169628593607,,0.0,0.0,0.0,,-0.0004789328668266535,0.015168799087405227,0.18411341309547424
1680270169641581751,,0.0,0.0,0.0,,-7.675308734178543e-05,0.01452174596488478,0.18383289873600006
1680270169657635880,,0.0,0.0,0.0,,-0.00203769002109766,0.013904198072850727,0.18341046571731567
1680270169672615139,,0.0,0.0,0.0,,-0.0008084659930318594,0.014225400984287285,0.18255147337913513
1680270169693288348,,0.0,0.0,0.0,,-0.0018911450169980526,0.014480438083410286,0.1825985163450241
1680270169709574381,,0.0,0.0,0.0,,-0.001013569999486208,0.013100040145218395,0.18254365026950836
1680270169722920264,,0.0,0.0,0.0,,-0.0011714831925928593,0.012689207680523418,0.1825372874736786
1680270169740288402,,0.0,0.0,0.0,,-0.0007888276595622301,0.012996578589081787,0.18244822323322296
1680270169751364168,,0.0,0.0,0.0,,0.00015457835979759693,0.013188839890062832,0.18272018432617188
1680270169770599689,,0.0,0.0,0.0,,0.00017089140601456165,0.013123805634677433,0.18282532691955566
1680270169790442024,,0.0,0.0,0.0,,-0.0004959155339747667,0.014289459213614486,0.18337063491344452
1680270169804935984,,0.0,0.0,0.0,,0.00043078907765448093,0.015479914844036125,0.1846519112586975
1680270169821315102,,0.0,0.0,0.0,,0.0015730056911706924,0.015665933489799524,0.18503396213054657
1680270169838983891,,0.0,0.0,0.0,,-0.00044104945845901966,0.01548329181969168,0.1851494163274765
1680270169853484204,,0.0,0.0,0.0,,-0.00043547945097088814,0.016678074374794984,0.18539366126060486
1680270169870574301,,0.0,0.0,0.0,,0.0016058697365224361,0.017097439616918588,0.18616406619548798
1680270169885661351,,0.0,0.0,0.0,,0.0025795530527830124,0.01723880879580977,0.18604935705661774
1680270169902746889,,0.0,0.0,0.0,,0.001757737249135971,0.017817100510001207,0.1859084814786911
1680270169917454230,,0.0,0.0,0.0,,0.0011783731169998646,0.017553836107254053,0.18575535714626312
1680270169932336477,,0.0,0.0,0.0,,0.002100020181387663,0.017870966345071817,0.18632963299751282
1680270169950046984,,0.0,0.0,0.0,,0.0027076597325503826,0.01831358671188357,0.18637973070144653
1680270169968610237,,0.0,0.0,0.0,,0.001836136681959033,0.017914347350597406,0.1856929063796997
1680270169982827390,,0.0,0.0,0.0,,0.0021958639845252037,0.01765397004783156,0.18544140458106995
1680270170001723605,,0.0,0.0,0.0,,0.0039358860813081264,0.01881125941872599,0.18564841151237488
1680270170019406601,,0.0,0.0,0.0,,0.005850908812135458,0.018683971837162996,0.18545196950435638
1680270170035010659,,0.0,0.0,0.0,,0.0033329965081065893,0.017707141116261507,0.18594789505004883
1680270170051371101,,0.0,0.0,0.0,,0.004089854657649994,0.01796771958470347,0.18499556183815002
1680270170067232369,,0.0,0.0,0.0,,0.005761370994150639,0.01898303441703322,0.18467450141906738
1680270170088781677,,0.0,0.0,0.0,,0.005733010359108448,0.01823794655501845,0.18425112962722778
1680270170105837971,,0.0,0.0,0.0,,0.005657656583935022,0.018548432737588903,0.18392257392406464
1680270170119459419,,0.0,0.0,0.0,,0.006132704671472311,0.01785515621304514,0.1836189329624176
1680270170139207608,,0.0,0.0,0.0,,0.007235415279865265,0.01856769993901255,0.18394267559051514
1680270170153520571,,0.0,0.0,0.0,,0.008796672336757183,0.01913365535438063,0.18327301740646362
1680270170170715053,,0.0,0.0,0.0,,0.007956077344715595,0.019122954457998297,0.18287968635559082
1680270170184633828,,0.0,0.0,0.0,,0.009669728577136993,0.018827743828296682,0.18261730670928955
1680270170201927917,,0.0,0.0,0.0,,0.010221141390502453,0.02063019759953024,0.18143917620182037
1680270170217522045,,0.0,0.0,0.0,,0.00975947268307209,0.020451419055461904,0.18175995349884033
1680270170230721715,,0.0,0.0,0.0,,0.010303200222551823,0.02129693888127806,0.1820065975189209
1680270170248775755,,0.0,0.0,0.0,,0.010938913561403751,0.021785279735922834,0.1818040907382965
1680270170262899524,,0.0,0.0,0.0,,0.013405205681920052,0.02437952533364298,0.18069368600845337
1680270170281274895,,0.0,0.0,0.0,,0.002545577008277178,0.02245449461042883,0.1817578673362732
1680270170297800306,,0.0,0.0,0.0,,0.017966264858841896,0.024994885548949262,0.17995291948318481
1680270170312225618,,0.0,0.0,0.0,,0.010110730305314064,0.02495516836643221,0.18073083460330963
1680270170329582154,,0.0,0.0,0.0,,0.006659302860498428,0.025652622804045698,0.1816401332616806
1680270170344128011,,0.0,0.0,0.0,,0.012881703674793243,0.02690894901752474,0.18288102746009827
1680270170362229270,,0.0,0.0,0.0,,0.008068984374403954,0.026563240215182325,0.18337248265743256
1680270170381279363,,0.0,0.0,0.0,,0.009145678952336311,0.027328202500939393,0.18448615074157715
1680270170397749180,,0.0,0.0,0.0,,0.0046393731608986855,0.027960961684584642,0.1850987821817398
1680270170413671272,,0.0,0.0,0.0,,0.003638902446255088,0.027654666453599954,0.18523012101650238
1680270170430138213,,0.0,0.0,0.0,,0.008998187258839607,0.028899205848574663,0.18553079664707184
1680270170444538479,,0.0,0.0,0.0,,0.000526804942637682,0.028230449184775377,0.18626631796360016
1680270170460011391,,0.0,0.0,0.0,,0.0007250970229506493,0.028455873951315904,0.18664439022541046
1680270170474640625,,0.0,0.0,0.0,,0.002423419849947095,0.02981536835432055,0.1867242306470871
1680270170492118778,,0.0,0.0,0.0,,-0.0008069113828241825,0.028389729559421564,0.18714408576488495
1680270170514843585,,0.0,0.0,0.0,,0.00018267380073666573,0.02772277966141703,0.18669094145298004
1680270170531486385,,0.0,0.0,0.0,,-0.003159492276608944,0.026984751224517847,0.18633688986301422
1680270170547096694,,0.0,0.0,0.0,,-0.0006055973935872316,0.027575168758630777,0.18632252514362335
1680270170561762266,,0.0,0.0,0.0,,-0.0008587904740124941,0.027198057621717477,0.18616099655628204
1680270170581392434,,0.0,0.0,0.0,,-0.004226524382829666,0.025195671245455766,0.18518765270709991
1680270170597689217,,0.0,0.0,0.0,,-0.0036331135779619217,0.025231152772903467,0.18498849868774414
1680270170611857348,,0.0,0.0,0.0,,-0.003232239279896021,0.02424944937229159,0.18511447310447693
1680270170628949078,,0.0,0.0,0.0,,-0.004289123695343733,0.02218703925609591,0.18529167771339417
1680270170645320562,,0.0,0.0,0.0,,-0.0032859831117093563,0.0220197029411793,0.18512162566184998
1680270170659338752,,0.0,0.0,0.0,,-0.00509160291403532,0.02111948281526568,0.18546921014785767
1680270170674783121,,0.0,0.0,0.0,,-0.0049908459186553955,0.021283833310008073,0.18630987405776978
1680270170693467259,,0.0,0.0,0.0,,-0.003145667491480708,0.020699996501207376,0.1865740418434143
1680270170710590739,,0.0,0.0,0.0,,-0.004973181989043951,0.01985031738877299,0.18687477707862854
1680270170725393157,,0.0,0.0,0.0,,-0.0048256926238536835,0.019375028088688875,0.18621988594532013
1680270170739914289,,0.0,0.0,0.0,,-0.0035636029206216335,0.0202717259526253,0.184904545545578
1680270170757893408,,0.0,0.0,0.0,,-0.005517800338566303,0.01987703144550326,0.18488746881484985
1680270170771925095,,0.0,0.0,0.0,,-0.00232800655066967,0.019944950938224813,0.18333062529563904
1680270170790426632,,0.0,0.0,0.0,,-0.006346557755023241,0.01916368678212168,0.18339186906814575
1680270170807467436,,0.0,0.0,0.0,,-0.0030478856060653925,0.01934504695236685,0.18366849422454834
1680270170822973781,,0.0,0.0,0.0,,-0.004027773626148701,0.01979043148458006,0.1839287132024765
1680270170839410486,,0.0,0.0,0.0,,-0.00574398972094059,0.019132260233163858,0.18444578349590302
1680270170854041994,,0.0,0.0,0.0,,-0.0024013426154851913,0.02085991203784945,0.18432581424713135
1680270170869833442,,0.0,0.0,0.0,,-0.004725481383502483,0.020508216693997407,0.1845264881849289
1680270170891829525,,0.0,0.0,0.0,,-0.004160325974225998,0.021059013903141046,0.18575447797775269
1680270170907531947,,0.0,0.0,0.0,,-0.0021557961590588093,0.02237431146204474,0.1851397156715393
1680270170922002714,,0.0,0.0,0.0,,-0.00376346567645669,0.022486485540866876,0.18584021925926208
1680270170939498349,,0.0,0.0,0.0,,-0.001968058291822672,0.021891122683882738,0.18651032447814941
1680270170955033649,,0.0,0.0,0.0,,-0.0007108510471880436,0.02291941083967688,0.18636773526668549
1680270170971540424,,0.0,0.0,0.0,,-0.001639647176489234,0.023569094017148042,0.18657322227954865
1680270170990161354,,0.0,0.0,0.0,,0.0009215264581143856,0.024022053927183176,0.18608582019805908
1680270171004908799,,0.0,0.0,0.0,,-0.0004990773741155863,0.023626677691936517,0.18660511076450348
1680270171021782341,,0.0,0.0,0.0,,0.0020756637677550316,0.024013390764594102,0.18732444941997528
1680270171038965152,,0.0,0.0,0.0,,0.0013864377979189157,0.02433690428733828,0.18770676851272583
1680270171051526077,,0.0,0.0,0.0,,0.0007080042269080877,0.02380107715725901,0.18828466534614563
1680270171068778417,,0.0,0.0,0.0,,0.002085308078676462,0.023354429751634622,0.18775561451911926
1680270171087391653,,0.0,0.0,0.0,,0.003091242630034685,0.02317350544035437,0.18942517042160034
1680270171105953704,,0.0,0.0,0.0,,0.004474305547773838,0.023452449589967752,0.18984290957450867
1680270171121401138,,0.0,0.0,0.0,,0.00392997357994318,0.023316171020269418,0.19018980860710144
1680270171136466828,,0.0,0.0,0.0,,0.003935159184038639,0.022879220545291925,0.19075213372707367
1680270171154252185,,0.0,0.0,0.0,,0.004763670265674591,0.022748650982975984,0.1909383237361908
1680270171169788396,,0.0,0.0,0.0,,0.006843325681984425,0.021924577653408075,0.19163626432418823
1680270171185420777,,0.0,0.0,0.0,,0.005128776654601097,0.020194731652736688,0.1929539293050766
1680270171202324996,,0.0,0.0,0.0,,0.004957663826644421,0.01941500045359137,0.1924719363451004
1680270171219447183,,0.0,0.0,0.0,,0.004465923644602299,0.019228838384151483,0.19286984205245972
1680270171233002187,,0.0,0.0,0.0,,0.003855100367218256,0.018481081351637865,0.19348901510238647
1680270171251241454,,0.0,0.0,0.0,,0.0050600492395460606,0.01883684284985068,0.19389308989048004
1680270171264889753,,0.0,0.0,0.0,,0.003263142891228199,0.017872830852866197,0.19370721280574799
1680270171280557439,,0.0,0.0,0.0,,0.002204521093517542,0.01770745031535628,0.19403450191020966
1680270171297586312,,0.0,0.0,0.0,,0.004595838487148285,0.017785571515560174,0.19353176653385162
1680270171311281799,,0.0,0.0,0.0,,0.0021931708324700594,0.016491338610649133,0.1938231885433197
1680270171330981497,,0.0,0.0,0.0,,0.001986256567761302,0.015731880441308046,0.1936032772064209
1680270171344772102,,0.0,0.0,0.0,,0.0021931014489382505,0.016644280403852487,0.19277112185955048
1680270171362063366,,0.0,0.0,0.0,,0.0018671785946935415,0.01584819704294207,0.19259397685527802
1680270171376952846,,0.0,0.0,0.0,,0.0025655280333012342,0.016470730304718042,0.19198490679264069
1680270171394756157,,0.0,0.0,0.0,,0.0016396029386669397,0.016834851354360605,0.19173362851142883
1680270171411163567,,0.0,0.0,0.0,,0.0017741031479090452,0.017200918868184114,0.19159461557865143
1680270171427284992,,0.0,0.0,0.0,,0.002327579539269209,0.0176853556185961,0.19162704050540924
1680270171442003563,,0.0,0.0,0.0,,0.0012460837606340647,0.017791315913200403,0.19244106113910675
1680270171460109160,,0.0,0.0,0.0,,0.0021470163483172655,0.017620937898755098,0.1910630315542221
1680270171471460452,,0.0,0.0,0.0,,-0.00011813151650130749,0.018764577805995965,0.19053636491298676
1680270171491918730,,0.0,0.0,0.0,,-6.132875569164753e-05,0.0197342708706856,0.1893816441297531
1680270171510551412,,0.0,0.0,0.0,,0.001710894051939249,0.021338131278753305,0.18889516592025757
1680270171527988458,,0.0,0.0,0.0,,-0.0013097054325044155,0.02152403444051745,0.18787112832069397
1680270171543250616,,0.0,0.0,0.0,,-0.0002860706299543381,0.022757057100534463,0.18703636527061462
1680270171558014050,,0.0,0.0,0.0,,-0.0005623511970043182,0.023260449990630174,0.18574626743793488
1680270171575070955,,0.0,0.0,0.0,,-0.00041354098357260227,0.02345079928636553,0.18390758335590363
1680270171591552734,,0.0,0.0,0.0,,-0.00037822197191417217,0.02561449259519579,0.18269352614879608
1680270171610650797,,0.0,0.0,0.0,,-0.0010745993349701166,0.025656072422862074,0.18195536732673645
1680270171627283288,,0.0,0.0,0.0,,-0.00096651422791183,0.025573592633008978,0.18131870031356812
1680270171642139647,,0.0,0.0,0.0,,-0.0012270391453057528,0.02648787572979929,0.1799735277891159
1680270171659839635,,0.0,0.0,0.0,,-0.001305579673498869,0.025952069088816664,0.17978379130363464
1680270171674282390,,0.0,0.0,0.0,,-0.000599629944190383,0.02808217890560629,0.17960186302661896
1680270171693330008,,0.0,0.0,0.0,,-0.0027486507315188646,0.027090441435575506,0.17797355353832245
1680270171707559715,,0.0,0.0,0.0,,-0.0005977198015898466,0.02816550061106684,0.17946739494800568
1680270171723023790,,0.0,0.0,0.0,,-0.0008486374281346798,0.027898343279957792,0.17939507961273193
1680270171741012338,,0.0,0.0,0.0,,-0.002185469027608633,0.027401704341173193,0.17860037088394165
1680270171755404839,,0.0,0.0,0.0,,-0.0023309269454330206,0.02743900939822199,0.17851625382900238
1680270171771759300,,0.0,0.0,0.0,,0.0001725063193589449,0.027708282694220564,0.18031026422977448
1680270171790177080,,0.0,0.0,0.0,,-0.002448897808790207,0.028311371803283712,0.18254247307777405
1680270171806197176,,0.0,0.0,0.0,,0.0006638136692345142,0.027920303866267225,0.1831304132938385
1680270171822575772,,0.0,0.0,0.0,,-0.002754699205979705,0.026994394138455415,0.18435589969158173
1680270171839560241,,0.0,0.0,0.0,,-0.00041874824091792107,0.02776541188359263,0.18473292887210846
1680270171855610994,,0.0,0.0,0.0,,0.0028683163691312075,0.028764361515641237,0.18506211042404175
1680270171869641518,,0.0,0.0,0.0,,-0.0016917723696678877,0.027316967025399232,0.1864115297794342
1680270171891235640,,0.0,0.0,0.0,,0.0007224504370242357,0.02664287202060225,0.18658128380775452
1680270171905609175,,0.0,0.0,0.0,,0.0022339639253914356,0.026669235900044466,0.18698057532310486
1680270171921245603,,0.0,0.0,0.0,,0.0015317327342927456,0.026246663182973886,0.1876426637172699
1680270171938562114,,0.0,0.0,0.0,,0.002945853630080819,0.025839045643806482,0.18854250013828278
1680270171953058559,,0.0,0.0,0.0,,0.001472468487918377,0.0247490890324116,0.18854498863220215
1680270171971361024,,0.0,0.0,0.0,,0.002393415430560708,0.024232262745499635,0.1892206370830536
1680270171991945888,,0.0,0.0,0.0,,0.004397442564368248,0.023378759622573877,0.19043099880218506
1680270172007356373,,0.0,0.0,0.0,,0.003620356088504195,0.02222242392599585,0.191264808177948
1680270172022995466,,0.0,0.0,0.0,,0.00537301879376173,0.021667521446943307,0.19121584296226501
1680270172039083799,,0.0,0.0,0.0,,0.005597627721726894,0.021653112024068857,0.19185946881771088
1680270172054334836,,0.0,0.0,0.0,,0.006291748024523258,0.021147485822439218,0.19215349853038788
1680270172070305269,,0.0,0.0,0.0,,0.006529801990836859,0.0211612153798342,0.19186191260814667
1680270172087405174,,0.0,0.0,0.0,,0.00740860216319561,0.0203064773231745,0.1930365413427353
1680270172103969047,,0.0,0.0,0.0,,0.006543540861457586,0.020226765424013162,0.19338051974773407
1680270172122305004,,0.0,0.0,0.0,,0.007782435975968838,0.019840762019157434,0.19314627349376678
1680270172137798004,,0.0,0.0,0.0,,0.007423758506774902,0.020861934870481515,0.19365905225276947
1680270172151820633,,0.0,0.0,0.0,,0.009380368515849113,0.020477358251810098,0.19296929240226746
1680270172167436292,,0.0,0.0,0.0,,0.008493312634527683,0.020446006208658243,0.192311629652977
1680270172182151827,,0.0,0.0,0.0,,0.007471922785043716,0.020234320312738443,0.19315168261528015
1680270172199393468,,0.0,0.0,0.0,,0.01070486195385456,0.021082608029246355,0.1926068365573883
1680270172217095339,,0.0,0.0,0.0,,0.007451610639691353,0.021179251372814203,0.19334614276885986
1680270172231980291,,0.0,0.0,0.0,,0.008039575070142746,0.020396148785948778,0.19411702454090118
1680270172249924857,,0.0,0.0,0.0,,0.008801509626209736,0.02044526487588885,0.19415989518165588
1680270172267281462,,0.0,0.0,0.0,,0.008173970505595207,0.020928947255015398,0.1939016729593277
1680270172281905185,,0.0,0.0,0.0,,0.009758919477462769,0.021890796720981622,0.19475169479846954
1680270172299693297,,0.0,0.0,0.0,,0.006688958965241909,0.020205348730087305,0.19591088593006134
1680270172315764318,,0.0,0.0,0.0,,0.006678120698779821,0.0192381199449301,0.19628582894802094
1680270172331523295,,0.0,0.0,0.0,,0.008849709294736385,0.020707743242383028,0.19683220982551575
1680270172350745320,,0.0,0.0,0.0,,0.004417656920850277,0.018919147551059747,0.1981414258480072
1680270172367963076,,0.0,0.0,0.0,,0.00487891398370266,0.02019937708973887,0.19811895489692688
1680270172382598331,,0.0,0.0,0.0,,0.0037745381705462933,0.01935476437211039,0.19855329394340515
1680270172399684020,,0.0,0.0,0.0,,0.004197516478598118,0.018973957747221017,0.19864307343959808
1680270172417875887,,0.0,0.0,0.0,,0.0023291436955332756,0.018719645217061067,0.19830618798732758
1680270172429963828,,0.0,0.0,0.0,,-0.0015789057360962033,0.017900327220559144,0.19860327243804932
1680270172447354868,,0.0,0.0,0.0,,-0.0005097067914903164,0.018501129001379037,0.19847603142261505
1680270172463932576,,0.0,0.0,0.0,,-0.003951208665966988,0.022502228617668176,0.1935524046421051
1680270172479716861,,0.0,0.0,0.0,,-0.005579646676778793,0.021831354126334215,0.18951494991779327
1680270172497027781,,0.0,0.0,0.0,,-0.0009679347276687622,0.02430481649935248,0.18493051826953888
1680270172514703994,,0.0,0.0,0.0,,-0.0095524862408638,0.02444339357316496,0.1783123016357422
1680270172531880382,,0.0,0.0,0.0,,-0.0056463973596692085,0.02448377013206484,0.16805127263069153
1680270172547403708,,0.0,0.0,0.0,,-0.000888126902282238,0.026912011206150076,0.1607172042131424
1680270172563852836,,0.0,0.0,0.0,,-0.015037331730127335,0.023217517882585543,0.15545277297496796
1680270172579330036,,0.0,0.0,0.0,,-0.0038656897377222776,0.024113100022077578,0.15056777000427246
1680270172597893068,,0.0,0.0,0.0,,-0.009474950842559338,0.02356448024511339,0.14091475307941437
1680270172614138435,,0.0,0.0,0.0,,-0.004216264933347702,0.023571690544486063,0.131841242313385
1680270172631235866,,0.0,0.0,0.0,,-0.0034002335742115974,0.023080337792634978,0.12371021509170532
1680270172647156856,,0.0,0.0,0.0,,-0.010069328360259533,0.021137179806828513,0.11682317405939102
1680270172662189154,,0.0,0.0,0.0,,-0.0020146341994404793,0.022404858842492117,0.11104019731283188
1680270172677660292,,0.0,0.0,0.0,,-0.007904444821178913,0.019142923876643195,0.10625831037759781
1680270172693725973,,0.0,0.0,0.0,,-0.0070660049095749855,0.019018791615962996,0.09930728375911713
1680270172711332847,,0.0,0.0,0.0,,-0.001682031899690628,0.01947207748889924,0.09430296719074249
1680270172727041580,,0.0,0.0,0.0,,-0.006961435545235872,0.016971098259091388,0.09002870321273804
1680270172743235621,,0.0,0.0,0.0,,-0.004280622582882643,0.01708342693746091,0.08556506037712097
1680270172761300561,,0.0,0.0,0.0,,-0.003557157004252076,0.016449904069304477,0.08153633773326874
1680270172775199779,,0.0,0.0,0.0,,-0.003814627416431904,0.014918742701411258,0.07866279035806656
1680270172791690115,,0.0,0.0,0.0,,-0.000463737640529871,0.014895418658852586,0.07514134049415588
1680270172808487294,,0.0,0.0,0.0,,-0.0044474732130765915,0.011785266920924195,0.07221752405166626
1680270172828093537,,0.0,0.0,0.0,,-0.0014457299839705229,0.011312927119433889,0.06754268705844879
1680270172842240088,,0.0,0.0,0.0,,0.00031334138475358486,0.010938627645373353,0.06469262391328812
1680270172860033140,,0.0,0.0,0.0,,-0.0025749378837645054,0.007763526402413853,0.06064458191394806
1680270172874989135,,0.0,0.0,0.0,,0.00163985975086689,0.0070480089634656976,0.05714206397533417
1680270172891691326,,0.0,0.0,0.0,,0.0011431023012846708,0.006651424337178475,0.05311374366283417
1680270172907923328,,0.0,0.0,0.0,,0.0005997591651976109,0.005050188861787325,0.04974473640322685
1680270172927112071,,0.0,0.0,0.0,,0.0036599175073206425,0.0031953759025782403,0.04607893526554108
1680270172942330346,,0.0,0.0,0.0,,0.0015593853313475847,0.0010696235112845952,0.04357074201107025
1680270172961332460,,0.0,0.0,0.0,,0.004331592936068773,0.0013527616392821123,0.040439456701278687
1680270172975267154,,0.0,0.0,0.0,,0.004552327562123537,-0.0003875195980071975,0.03819798678159714
1680270172992720341,,0.0,0.0,0.0,,0.003582888515666127,-0.0021772780455648856,0.0357079803943634
1680270173007451154,,0.0,0.0,0.0,,0.006816252134740353,-0.000807512318715449,0.033662162721157074
1680270173025648222,,0.0,0.0,0.0,,0.006504321005195379,-0.0014838438946753703,0.030035847797989845
1680270173043372886,,0.0,0.0,0.0,,0.007489443756639957,-0.002814847975969311,0.027381934225559235
1680270173057463452,,0.0,0.0,0.0,,0.009242183528840542,-0.0033966496121138304,0.0250010397285223
1680270173071064603,,0.0,0.0,0.0,,0.008895975537598133,-0.003111857455223796,0.02295379340648651
1680270173090824123,,0.0,0.0,0.0,,0.01001828908920288,-0.0028668763116002057,0.02014254592359066
1680270173103487900,,0.0,0.0,0.0,,0.009950288571417332,-0.0029827570542693116,0.018286993727087975
1680270173121738348,,0.0,0.0,0.0,,0.00955976452678442,-0.0038362038321793058,0.016644153743982315
1680270173139653538,,0.0,0.0,0.0,,0.012627063319087029,-0.001602989621460436,0.013882691971957684
1680270173154338957,,0.0,0.0,0.0,,0.010585702955722809,-0.0019319760613143429,0.01203237660229206
1680270173169804765,,0.0,0.0,0.0,,0.010299117304384708,-0.002497036941349505,0.010023602284491062
1680270173183942761,,0.0,0.0,0.0,,0.012653162702918053,-0.001048171194270252,0.008088289760053158
1680270173203352646,,0.0,0.0,0.0,,0.012471683323383331,-0.00043284147977828904,0.006396283861249685
1680270173219366490,,0.0,0.0,0.0,,0.013035986572504044,0.0001004214864224201,0.0045794351026415825
1680270173234309130,,0.0,0.0,0.0,,0.01114365179091692,0.0002800442744046453,0.002480459399521351
1680270173251683359,,0.0,0.0,0.0,,0.011448104865849018,0.0006475045811384918,0.0013726188335567713
1680270173267376763,,0.0,0.0,0.0,,0.013762388378381729,0.0011498790699988601,-0.001056524692103267
1680270173282201332,,0.0,0.0,0.0,,0.012667465955018997,0.001392076490446925,-0.001949775964021683
1680270173304119250,,0.0,0.0,0.0,,0.011759063228964806,0.002705312799662351,-0.004018715117126703
1680270173321016235,,0.0,0.0,0.0,,0.01212402991950512,0.003465277608484029,-0.006628623232245445
1680270173334308138,,0.0,0.0,0.0,,0.01278719399124384,0.002189237857237457,-0.00898427702486515
1680270173351852063,,0.0,0.0,0.0,,0.011206607334315777,0.0023826099932193743,-0.011051074601709843
1680270173370017301,,0.0,0.0,0.0,,0.010215017944574356,0.00235180859453976,-0.012820524163544178
1680270173383443515,,0.0,0.0,0.0,,0.01087008137255907,0.0029938407242298105,-0.016216430813074112
1680270173402548110,,0.0,0.0,0.0,,0.009013076312839985,0.0020545339211821534,-0.018375441431999207
1680270173419949018,,0.0,0.0,0.0,,0.007854513823986053,0.0013159287627786372,-0.020526519045233727
1680270173432017532,,0.0,0.0,0.0,,0.006998496595770121,0.0008569029159843895,-0.0220679622143507
1680270173450207537,,0.0,0.0,0.0,,0.004886711947619915,-0.00042235082946718016,-0.022524394094944
1680270173463881524,,0.0,0.0,0.0,,0.004847422242164612,-0.0012126255314797191,-0.022956011816859245
1680270173481151728,,0.0,0.0,0.0,,0.0041321986354887486,-0.0028289642650634076,-0.02263450436294079
1680270173494334536,,0.0,0.0,0.0,,0.0022235834039747715,-0.004046124406158927,-0.023611774668097496
1680270173510918346,,0.0,0.0,0.0,,0.0017310630064457655,-0.004592997487634423,-0.024144873023033142
1680270173527996250,,0.0,0.0,0.0,,0.0002994188107550144,-0.005964020267128947,-0.024022264406085014
1680270173540161696,,0.0,0.0,0.0,,-0.0010633846977725625,-0.00740608433261514,-0.024532608687877655
1680270173560311175,,0.0,0.0,0.0,,-0.00157386704813689,-0.008312528952956203,-0.02429400198161602
1680270173573866250,,0.0,0.0,0.0,,-0.0026410899590700865,-0.00969033129513264,-0.024669967591762543
1680270173591946499,,0.0,0.0,0.0,,-0.00311709544621408,-0.011404465883970264,-0.0250866636633873
1680270173610835621,,0.0,0.0,0.0,,-0.005018587689846754,-0.013131765648722652,-0.025280963629484177
1680270173628016568,,0.0,0.0,0.0,,-0.006401545833796263,-0.014229208230972294,-0.025456218048930165
1680270173642493116,,0.0,0.0,0.0,,-0.008972173556685448,-0.014811873435974125,-0.02563640102744102
1680270173659754463,,0.0,0.0,0.0,,-0.010235611349344254,-0.015269364230334762,-0.026128264144062992
1680270173671548404,,0.0,0.0,0.0,,-0.01092112623155117,-0.015283598564565185,-0.027044480666518208
1680270173689961756,,0.0,0.0,0.0,,-0.012980423867702484,-0.015551201999187473,-0.028720024973154065
1680270173703877926,,0.0,0.0,0.0,,-0.010008602403104305,-0.01465628203004599,-0.03130289167165756
1680270173723309964,,0.0,0.0,0.0,,-0.01229691319167614,-0.014899309724569324,-0.033945173025131226
1680270173739386785,,0.0,0.0,0.0,,-0.012541882693767548,-0.014943631365895277,-0.035707879811525345
1680270173755735065,,0.0,0.0,0.0,,-0.013329054228961468,-0.014087243936955934,-0.03767850995063782
1680270173771452554,,0.0,0.0,0.0,,-0.013402163982391357,-0.013392012566328054,-0.03937612473964691
1680270173789701679,,0.0,0.0,0.0,,-0.014894681051373482,-0.012928930111229425,-0.041509222239255905
1680270173808051642,,0.0,0.0,0.0,,-0.012188354507088661,-0.011684821918606763,-0.04305627942085266
1680270173822571311,,0.0,0.0,0.0,,-0.015583287924528122,-0.011550947092473512,-0.0446077324450016
1680270173839662760,,0.0,0.0,0.0,,-0.012621545232832432,-0.008502580225467687,-0.046744007617235184
1680270173854578731,,0.0,0.0,0.0,,-0.012944496236741543,-0.007206079550087458,-0.047984033823013306
1680270173871925738,,0.0,0.0,0.0,,-0.012478774413466454,-0.0066251945681870044,-0.049623169004917145
1680270173890200661,,0.0,0.0,0.0,,-0.011631674133241177,-0.004731169901788241,-0.051718711853027344
1680270173904188425,,0.0,0.0,0.0,,-0.012219018302857876,-0.003907497972249992,-0.05324815586209297
1680270173920269044,,0.0,0.0,0.0,,-0.01107450295239687,-0.0023960424587130616,-0.05500379949808121
1680270173936924678,,0.0,0.0,0.0,,-0.009275349788367748,-0.0009633020963519882,-0.05724737048149109
1680270173952885653,,0.0,0.0,0.0,,-0.009336882270872593,0.0005502288695424725,-0.05793272703886032
1680270173971400946,,0.0,0.0,0.0,,-0.007607685402035713,0.001578960916958742,-0.06005796045064926
1680270173987551656,,0.0,0.0,0.0,,-0.007780157960951328,0.003502173349261276,-0.062151964753866196
1680270174003689962,,0.0,0.0,0.0,,-0.005680691450834274,0.005195707548409693,-0.06471027433872223
1680270174022067407,,0.0,0.0,0.0,,-0.004233797080814838,0.005768475122749798,-0.06612260639667511
1680270174036315478,,0.0,0.0,0.0,,-0.0038136313669383526,0.00685224123299121,-0.0674033835530281
1680270174053809641,,0.0,0.0,0.0,,-0.003106471849605441,0.00821804627776145,-0.06886088848114014
1680270174068741190,,0.0,0.0,0.0,,-0.0009739890228956938,0.008715598843991748,-0.07018012553453445
1680270174089595788,,0.0,0.0,0.0,,0.00023863720707595348,0.009234833531081668,-0.071847103536129
1680270174104137508,,0.0,0.0,0.0,,0.0004536355845630169,0.009989017620682708,-0.07318082451820374
1680270174122314378,,0.0,0.0,0.0,,0.0008349334821105003,0.00927704479545354,-0.07435086369514465
1680270174140048960,,0.0,0.0,0.0,,0.0033249766565859318,0.008868781849741927,-0.0757494643330574
1680270174154510681,,0.0,0.0,0.0,,0.00422679353505373,0.008142881095409385,-0.07639450579881668
1680270174171759044,,0.0,0.0,0.0,,0.0046212682500481606,0.00801251269876956,-0.07687102258205414
1680270174191909345,,0.0,0.0,0.0,,0.006483842618763447,0.006360837724059811,-0.07820568233728409
1680270174211383130,,0.0,0.0,0.0,,0.006224991753697395,0.004746081307530394,-0.07879661023616791
1680270174223925461,,0.0,0.0,0.0,,0.008118059486150742,0.003922730684280386,-0.07940633594989777
1680270174240254825,,0.0,0.0,0.0,,0.0072065056301653385,0.0018411646597087286,-0.07968641072511673
1680270174257220529,,0.0,0.0,0.0,,0.006645072717219591,-0.0007665357552468875,-0.080433189868927
1680270174272396035,,0.0,0.0,0.0,,0.008773863315582275,-0.0016580859664827685,-0.08129186928272247
1680270174293596570,,0.0,0.0,0.0,,0.007228020578622818,-0.0041243294253945455,-0.0819656178355217
1680270174309636933,,0.0,0.0,0.0,,0.008328697644174099,-0.006180490367114554,-0.08316218852996826
1680270174328327915,,0.0,0.0,0.0,,0.008723096922039986,-0.008240820840001117,-0.08455659449100494
1680270174343416067,,0.0,0.0,0.0,,0.008939750492572784,-0.009799265302717696,-0.08532062917947769
1680270174360122647,,0.0,0.0,0.0,,0.008807401172816753,-0.011306666769087325,-0.08705869317054749
1680270174373247266,,0.0,0.0,0.0,,0.007407210301607847,-0.012854886241257201,-0.08819641917943954
1680270174391719738,,0.0,0.0,0.0,,0.007202276028692722,-0.01488336455076934,-0.08926189690828323
1680270174411113695,,0.0,0.0,0.0,,0.007275897078216076,-0.015859298408031474,-0.09033177047967911
1680270174428068990,,0.0,0.0,0.0,,0.005954280495643616,-0.01747455634176732,-0.09180514514446259
1680270174444008645,,0.0,0.0,0.0,,0.006100057624280453,-0.019127493724226962,-0.09251201152801514
1680270174461614877,,0.0,0.0,0.0,,0.004495922476053238,-0.020185988396406184,-0.09186965972185135
1680270174477867357,,0.0,0.0,0.0,,0.003209615359082818,-0.020536933094263087,-0.09016680717468262
1680270174497861155,,0.0,0.0,0.0,,0.003713158192113042,-0.020833879709243785,-0.09005316346883774
1680270174511706303,,0.0,0.0,0.0,,0.002370463451370597,-0.020782573148608218,-0.09016038477420807
1680270174529181039,,0.0,0.0,0.0,,0.0007321240846067667,-0.02228272892534734,-0.08933473378419876
1680270174543859084,,0.0,0.0,0.0,,0.0005137869156897068,-0.022381652146577845,-0.08921126276254654
1680270174560261555,,0.0,0.0,0.0,,-0.0003786012530326843,-0.021918032318353663,-0.08831442892551422
1680270174577706796,,0.0,0.0,0.0,,-0.0015485530020669103,-0.02224930003285409,-0.08860013633966446
1680270174591784408,,0.0,0.0,0.0,,-0.0027357873041182756,-0.022029707208275805,-0.08843580633401871
1680270174610371345,,0.0,0.0,0.0,,-0.003607344115152955,-0.022727588191628467,-0.08793580532073975
1680270174624960553,,0.0,0.0,0.0,,-0.003792388131842017,-0.022177932783961306,-0.08779687434434891
1680270174642295919,,0.0,0.0,0.0,,-0.004017623141407967,-0.023528795689344417,-0.08570361137390137
1680270174660560062,,0.0,0.0,0.0,,-0.007866838946938515,-0.024719402194023143,-0.08264276385307312
1680270174671298949,,0.0,0.0,0.0,,-0.010678138583898544,-0.023835211992263804,-0.08250820636749268
1680270174690951279,,0.0,0.0,0.0,,-0.005086841993033886,-0.021392041817307483,-0.08284559100866318
1680270174702959079,,0.0,0.0,0.0,,-0.008879835717380047,-0.023152153939008723,-0.08206438273191452
1680270174720075656,,0.0,0.0,0.0,,-0.0065253982320427895,-0.019675802439451228,-0.08184152096509933
1680270174737756187,,0.0,0.0,0.0,,-0.016506824642419815,-0.023712212219834338,-0.08116273581981659
1680270174754727101,,0.0,0.0,0.0,,-0.005124027840793133,-0.019969364628195773,-0.08094891905784607
1680270174770244085,,0.0,0.0,0.0,,-0.003978122025728226,-0.016772104427218448,-0.0829542875289917
1680270174784041042,,0.0,0.0,0.0,,-0.015443418174982071,-0.018708065152168284,-0.08276744931936264
1680270174802203986,,0.0,0.0,0.0,,-0.008470823056995869,-0.016843995079398166,-0.08204923570156097
1680270174819316124,,0.0,0.0,0.0,,-0.011170425452291965,-0.015550365671515475,-0.07931503653526306
1680270174833813070,,0.0,0.0,0.0,,-0.011334703303873539,-0.015157390385866174,-0.07651659101247787
1680270174850923665,,0.0,0.0,0.0,,-0.004222669638693333,-0.011623455211520204,-0.07513484358787537
1680270174868438477,,0.0,0.0,0.0,,-0.017054826021194458,-0.012128331698477277,-0.07120129466056824
1680270174880037693,,0.0,0.0,0.0,,-0.016810845583677292,-0.010049297474324712,-0.069783516228199
1680270174897477274,,0.0,0.0,0.0,,-0.0022972561419010162,-0.004661823622882375,-0.06841537356376648
1680270174912640096,,0.0,0.0,0.0,,-0.013602577149868011,-0.006926230154931553,-0.06545019149780273
1680270174930511524,,0.0,0.0,0.0,,-0.01258205994963646,-0.0052909059450030405,-0.06397487223148346
1680270174945860344,,0.0,0.0,0.0,,-0.005335929337888956,-0.00265333126299084,-0.06379109621047974
1680270174959508844,,0.0,0.0,0.0,,-0.011464083567261696,-0.0028285731095820743,-0.06229647621512413
1680270174973522105,,0.0,0.0,0.0,,-0.0067305536940693855,-0.0005201513413339928,-0.061033379286527634
1680270174992408802,,0.0,0.0,0.0,,-0.007867819629609585,0.0006375499069690631,-0.060194846242666245
1680270175010644051,,0.0,0.0,0.0,,-0.011641016229987144,0.000742641510441892,-0.05940863490104675
1680270175027635794,,0.0,0.0,0.0,,-0.0033977674320340157,0.0035377461463212893,-0.05912007391452789
1680270175043817081,,0.0,0.0,0.0,,-0.009894212707877159,0.0014903676928952267,-0.05744664743542671
1680270175062865330,,0.0,0.0,0.0,,-0.00636926619336009,0.004943506792187684,-0.05760996416211128
1680270175078823049,,0.0,0.0,0.0,,-0.003368861274793744,0.006486788392066949,-0.05853670835494995
1680270175094844597,,0.0,0.0,0.0,,-0.008032682351768017,0.0058433618396520545,-0.05717269331216812
1680270175111415593,,0.0,0.0,0.0,,-0.003495293902233243,0.0067035313695669105,-0.05661797896027565
1680270175131002691,,0.0,0.0,0.0,,-0.00445153983309865,0.007707795128226273,-0.0569157712161541
1680270175143513983,,0.0,0.0,0.0,,-0.0037510977126657963,0.006920794025063508,-0.05734217166900635
1680270175162980735,,0.0,0.0,0.0,,-0.0004795708227902651,0.007295933552086346,-0.0568450428545475
1680270175178837926,,0.0,0.0,0.0,,-0.004643579944968224,0.005949317477643483,-0.05636030435562134
1680270175194501545,,0.0,0.0,0.0,,0.0017164198216050863,0.007819878868758671,-0.056537777185440063
1680270175211133895,,0.0,0.0,0.0,,0.001376977190375328,0.007315213792026036,-0.05641505494713783
1680270175227734737,,0.0,0.0,0.0,,-0.003026226768270135,0.004763823002576821,-0.05440772697329521
1680270175242699258,,0.0,0.0,0.0,,0.0017759092152118683,0.005240008234977715,-0.05462183058261871
1680270175256657036,,0.0,0.0,0.0,,0.0007358698640018702,0.004994470160454505,-0.05379472300410271
1680270175272758985,,0.0,0.0,0.0,,-0.00011240853928029537,0.004280961118638509,-0.05290989950299263
1680270175292016866,,0.0,0.0,0.0,,0.0017642639577388763,0.0031101375352591215,-0.051137775182724
1680270175310180752,,0.0,0.0,0.0,,0.0020668257493525743,0.0008747871033847273,-0.047626033425331116
1680270175327005162,,0.0,0.0,0.0,,0.0054047610610723495,7.96534586697763e-05,-0.04397151991724968
1680270175343054752,,0.0,0.0,0.0,,0.002031916519626975,-0.0041435817256569914,-0.03961050510406494
1680270175357720284,,0.0,0.0,0.0,,-0.0017226574709638953,-0.00711190234869719,-0.03546305000782013
1680270175372371789,,0.0,0.0,0.0,,0.005374967586249113,-0.0047245323657989545,-0.03307762369513512
1680270175393251855,,0.0,0.0,0.0,,0.003369230544194579,-0.008320897817611698,-0.026325751096010208
1680270175408714688,,0.0,0.0,0.0,,-0.002402589190751314,-0.010917079634964468,-0.020751144737005234
1680270175423112760,,0.0,0.0,0.0,,0.003827057546004653,-0.011399256996810438,-0.01732109859585762
1680270175439490845,,0.0,0.0,0.0,,0.0008036918006837368,-0.012976733036339285,-0.01142784859985113
1680270175454945182,,0.0,0.0,0.0,,0.0016024585347622633,-0.014500161632895471,-0.007970438338816164
1680270175469106140,,0.0,0.0,0.0,,0.0020400716457515955,-0.016046971082687378,-0.0034061945043504216
1680270175491014189,,0.0,0.0,0.0,,-0.006373108830302954,-0.018290501087903976,0.001382161630317571
1680270175509491400,,0.0,0.0,0.0,,0.005117827095091343,-0.016293304041028023,0.005011026281863453
1680270175523458085,,0.0,0.0,0.0,,-0.00015001953579485416,-0.018907668069005013,0.009960095398128034
1680270175542167150,,0.0,0.0,0.0,,-0.0035889362916350365,-0.020151261240243912,0.013119360432028772
1680270175559954361,,0.0,0.0,0.0,,4.872470162808895e-05,-0.01835241913795471,0.01656436733901501
1680270175574951874,,0.0,0.0,0.0,,-0.0014296702574938536,-0.018815284594893452,0.018883178010582927
1680270175595060146,,0.0,0.0,0.0,,0.0010524725075811148,-0.017738170921802517,0.022751016542315487
1680270175609948414,,0.0,0.0,0.0,,-0.002593140583485365,-0.01826817356050014,0.02549240924417973
1680270175624522665,,0.0,0.0,0.0,,-0.003687477670609951,-0.018168235197663304,0.027531934902071956
1680270175641096236,,0.0,0.0,0.0,,0.0020466840360313654,-0.016387840732932087,0.030188925564289096
1680270175657576362,,0.0,0.0,0.0,,-0.0027094536926597357,-0.016612103208899495,0.03283049538731575
1680270175672390161,,0.0,0.0,0.0,,-0.003947420045733452,-0.014713857322931286,0.034642040729522705
1680270175690896647,,0.0,0.0,0.0,,0.00030035292729735374,-0.012378317303955551,0.03464880585670471
1680270175708141794,,0.0,0.0,0.0,,-0.0034965232480317354,-0.011558950878679747,0.03689124062657356
1680270175724363135,,0.0,0.0,0.0,,0.0003084735944867134,-0.009118409827351565,0.0378098338842392
1680270175736815628,,0.0,0.0,0.0,,-0.00018627149984240532,-0.008233623579144473,0.038967035710811615
1680270175752899573,,0.0,0.0,0.0,,-0.0021023175213485956,-0.00597412977367639,0.04006601497530937
1680270175767796177,,0.0,0.0,0.0,,-0.00045501370914280415,-0.00425526918843388,0.04075131565332413
1680270175788514861,,0.0,0.0,0.0,,-0.0036664626095443964,-0.004101016558706755,0.04278143495321274
1680270175803087769,,0.0,0.0,0.0,,-0.0011413254542276263,-0.0013265307061374135,0.04287467896938324
1680270175818297589,,0.0,0.0,0.0,,0.00048070820048451424,0.001354679930955177,0.043562863022089005
1680270175834584233,,0.0,0.0,0.0,,-0.0027779927477240562,0.0012309320736676509,0.044499471783638
1680270175852745615,,0.0,0.0,0.0,,-0.0023329760879278183,0.0025632916949689445,0.045651089400053024
1680270175870260165,,0.0,0.0,0.0,,-0.0007586721330881119,0.005429898388683802,0.046181440353393555
1680270175886320335,,0.0,0.0,0.0,,-0.00087213353253901,0.006108507513999945,0.046252913773059845
1680270175903018559,,0.0,0.0,0.0,,-0.0011552622308954597,0.007277154363691813,0.046255141496658325
1680270175918391995,,0.0,0.0,0.0,,-0.002342207357287407,0.0065334588289260925,0.046956200152635574
1680270175932618274,,0.0,0.0,0.0,,0.0011974871158599854,0.008813744410872465,0.04597260430455208
1680270175949154164,,0.0,0.0,0.0,,-0.0009527783840894699,0.01024074293673039,0.04629819095134735
1680270175967576543,,0.0,0.0,0.0,,-0.0006360302213579416,0.008756698109209543,0.047613125294446945
1680270175980396022,,0.0,0.0,0.0,,6.901961751282215e-05,0.009600641205906875,0.04983663186430931
1680270175996267880,,0.0,0.0,0.0,,0.0009118197485804558,0.01128769479691983,0.05284183472394943
1680270176014081741,,0.0,0.0,0.0,,0.0016803995240479708,0.013097353279590614,0.0547078475356102
1680270176030870935,,0.0,0.0,0.0,,0.001118275336921215,0.013197796419262893,0.05687917768955231
1680270176049077620,,0.0,0.0,0.0,,0.00024973880499601364,0.013889811933040626,0.05809377133846283
1680270176067579828,,0.0,0.0,0.0,,0.00392152601853013,0.016861209645867355,0.06068027392029762
1680270176082892621,,0.0,0.0,0.0,,0.001888998318463564,0.017290519550442703,0.06343535333871841
1680270176098187470,,0.0,0.0,0.0,,3.2635871320962906e-06,0.017494112253189094,0.06541495770215988
1680270176112943841,,0.0,0.0,0.0,,0.003854444483295083,0.019033428281545646,0.06782431900501251
1680270176128918712,,0.0,0.0,0.0,,0.003847036976367235,0.020310182124376304,0.07054117321968079
1680270176147466045,,0.0,0.0,0.0,,0.0026668678037822247,0.020967330783605586,0.07271452248096466
1680270176162180207,,0.0,0.0,0.0,,0.002948166336864233,0.02178523875772954,0.07447832077741623
1680270176180288138,,0.0,0.0,0.0,,0.0029132107738405466,0.022877752780914317,0.076639823615551
1680270176196398863,,0.0,0.0,0.0,,0.003434612415730953,0.023877620697021495,0.0783686563372612
1680270176212261945,,0.0,0.0,0.0,,0.0035082802642136812,0.024194952100515376,0.08099030703306198
1680270176229112473,,0.0,0.0,0.0,,0.0029531067702919245,0.024570848792791377,0.08215776085853577
1680270176247365275,,0.0,0.0,0.0,,0.004120177589356899,0.02506917156279088,0.08501815795898438
1680270176261376974,,0.0,0.0,0.0,,0.004899424500763416,0.02495875209569932,0.08596668392419815
1680270176277412498,,0.0,0.0,0.0,,0.00274778064340353,0.024963723495602618,0.08758793771266937
1680270176298446522,,0.0,0.0,0.0,,0.004095497075468302,0.0245460867881775,0.0886046513915062
1680270176311354226,,0.0,0.0,0.0,,0.003479653038084507,0.02501031756401063,0.09020999819040298
1680270176328822730,,0.0,0.0,0.0,,0.003185089910402894,0.02381749078631402,0.09104395657777786
1680270176344068247,,0.0,0.0,0.0,,0.0038827569223940372,0.023597249761223803,0.09258224815130234
1680270176359616961,,0.0,0.0,0.0,,0.002143244491890073,0.02284078858792783,0.09466762840747833
1680270176373150364,,0.0,0.0,0.0,,0.004247739445418119,0.022587543353438388,0.09553784877061844
1680270176392129535,,0.0,0.0,0.0,,0.0011694419663399458,0.021100008860230456,0.09706367552280426
1680270176407164347,,0.0,0.0,0.0,,0.0019804940093308687,0.021035201847553264,0.09822224080562592
1680270176424023221,,0.0,0.0,0.0,,0.0018701856024563313,0.020213149487972273,0.09977777302265167
1680270176442167140,,0.0,0.0,0.0,,-0.0007520273793488741,0.018035691231489195,0.10176496207714081
1680270176455225114,,0.0,0.0,0.0,,0.0010835675057023764,0.01733365282416345,0.1023104339838028
1680270176469283380,,0.0,0.0,0.0,,-0.0015952899120748043,0.016201749444007887,0.10350203514099121
1680270176491177243,,0.0,0.0,0.0,,-0.0008759442716836929,0.014774623326957238,0.10538162291049957
1680270176507340636,,0.0,0.0,0.0,,-0.0006776798982173204,0.014750340953469289,0.10580619424581528
1680270176521989036,,0.0,0.0,0.0,,-0.004133755341172218,0.01302585564553739,0.10647448897361755
1680270176538970018,,0.0,0.0,0.0,,-0.003646638710051775,0.013672417029738438,0.10473739355802536
1680270176555204054,,0.0,0.0,0.0,,0.0011127570178359747,0.014727404341101659,0.10269583761692047
1680270176572041508,,0.0,0.0,0.0,,-0.00743341539055109,0.011482350528240216,0.10253740102052689
1680270176590336228,,0.0,0.0,0.0,,-0.001460619387216866,0.012219117023050797,0.10188191384077072
1680270176610211505,,0.0,0.0,0.0,,-0.004670020192861557,0.010783641599118722,0.1012396365404129
1680270176627242351,,0.0,0.0,0.0,,-0.0014329588739201427,0.009665757417678845,0.10184530913829803
1680270176641218292,,0.0,0.0,0.0,,-0.0039885444566607475,0.00860789977014066,0.10274667292833328
1680270176658871763,,0.0,0.0,0.0,,-0.006746850907802582,0.007525087334215653,0.09995904564857483
1680270176671875907,,0.0,0.0,0.0,,-0.0035452451556921005,0.011320718564093125,0.09417217969894409
1680270176694464058,,0.0,0.0,0.0,,-0.0011449492303654552,0.010240674950182448,0.08616272360086441
1680270176709604689,,0.0,0.0,0.0,,-0.0018788063898682594,0.0076266210526228055,0.0815456435084343
1680270176729231250,,0.0,0.0,0.0,,-0.00460314005613327,0.007016154006123552,0.07550724595785141
1680270176747414942,,0.0,0.0,0.0,,-0.0029715439304709435,0.007383139338344344,0.06783170998096466
1680270176761557045,,0.0,0.0,0.0,,-0.004453900270164013,0.003715394064784058,0.06297022104263306
1680270176776722843,,0.0,0.0,0.0,,-0.0016245314618572593,0.004413960501551635,0.05818638950586319
1680270176794507588,,0.0,0.0,0.0,,-0.0016994508914649487,0.0037129602860659426,0.05218414589762688
1680270176809790585,,0.0,0.0,0.0,,0.0021004523150622845,0.003333119442686444,0.045482248067855835
1680270176824153621,,0.0,0.0,0.0,,-0.003433940699324012,0.0015233539743349006,0.04054022952914238
1680270176839004449,,0.0,0.0,0.0,,0.0029377322643995285,0.0004933357704430862,0.03514275699853897
1680270176855395038,,0.0,0.0,0.0,,0.0033131164964288473,-0.0006134978029876909,0.03054635599255562
1680270176870282204,,0.0,0.0,0.0,,0.004524240270256996,-0.0008707703091204136,0.02472011186182499
1680270176887449104,,0.0,0.0,0.0,,0.004960726946592331,-0.0016800039447844005,0.01913009025156498
1680270176901699419,,0.0,0.0,0.0,,0.004583675414323807,-0.0033771644812077267,0.015104359947144985
1680270176916713514,,0.0,0.0,0.0,,0.010668739676475525,-0.00238310801796615,0.010484722442924976
1680270176931332428,,0.0,0.0,0.0,,0.008539572358131409,-0.003032634500414132,0.005431819707155228
1680270176951276684,,0.0,0.0,0.0,,0.007382497191429138,-0.005431993864476681,0.000792121572885663
1680270176964640761,,0.0,0.0,0.0,,0.009623028337955475,-0.00572557607665658,-0.0033227901440113774
1680270176980534991,,0.0,0.0,0.0,,0.012275097891688347,-0.004998194985091687,-0.006537064444273709
1680270176996539938,,0.0,0.0,0.0,,0.011627387255430222,-0.005373972468078137,-0.009846056811511517
1680270177012297352,,0.0,0.0,0.0,,0.009295639581978321,-0.006931790616363289,-0.01329031027853489
1680270177029170533,,0.0,0.0,0.0,,0.01079336553812027,-0.007723937742412092,-0.017257442697882652
1680270177047816190,,0.0,0.0,0.0,,0.013220399618148804,-0.006832495331764224,-0.020796874538064003
1680270177064490178,,0.0,0.0,0.0,,0.011013738811016083,-0.006540436297655108,-0.023145433515310287
1680270177076710466,,0.0,0.0,0.0,,0.010149719193577766,-0.00724003650248051,-0.024991115555167198
1680270177093496915,,0.0,0.0,0.0,,0.008469129912555218,-0.008151378482580188,-0.027517208829522133
1680270177112710533,,0.0,0.0,0.0,,0.01246486697345972,-0.007017976604402069,-0.02991190180182457
1680270177128737511,,0.0,0.0,0.0,,0.009713008999824524,-0.008359625004231933,-0.03109007142484188
1680270177144534209,,0.0,0.0,0.0,,0.0077581945806741714,-0.00855493173003197,-0.03239729627966881
1680270177160926260,,0.0,0.0,0.0,,0.00904502347111702,-0.00834121182560921,-0.03429436683654785
1680270177175095293,,0.0,0.0,0.0,,0.008037159219384193,-0.008517683483660226,-0.036148879677057266
1680270177192830216,,0.0,0.0,0.0,,0.008819782175123692,-0.008220699615776544,-0.037837859243154526
1680270177207850612,,0.0,0.0,0.0,,0.006207483820617199,-0.008558616042137151,-0.039976853877305984
1680270177222021157,,0.0,0.0,0.0,,0.0064867278560996056,-0.008703633211553102,-0.041762467473745346
1680270177241126574,,0.0,0.0,0.0,,0.0075043123215436935,-0.00838723592460156,-0.043111030012369156
1680270177257057853,,0.0,0.0,0.0,,0.005318274721503258,-0.00857518427073956,-0.0450088232755661
1680270177271107553,,0.0,0.0,0.0,,0.0069084735587239265,-0.007537696510553366,-0.04692936688661575
1680270177287653682,,0.0,0.0,0.0,,0.005532698705792427,-0.007284890394657856,-0.04850151389837265
1680270177303958140,,0.0,0.0,0.0,,0.004819233901798725,-0.0075025977566838325,-0.050093233585357666
1680270177320469283,,0.0,0.0,0.0,,0.007266666740179062,-0.006740243174135691,-0.051650505512952805
1680270177333459031,,0.0,0.0,0.0,,0.006462099961936474,-0.005800385959446437,-0.053344108164310455
1680270177351499295,,0.0,0.0,0.0,,0.005217066965997219,-0.0048614777624607156,-0.055288635194301605
1680270177367557682,,0.0,0.0,0.0,,0.005757871083915234,-0.004125496372580535,-0.05805453658103943
1680270177384933142,,0.0,0.0,0.0,,0.005608773790299892,-0.0037467712536454274,-0.05976654589176178
1680270177402241748,,0.0,0.0,0.0,,0.005689934827387333,-0.00353975500911475,-0.06258281320333481
1680270177419366700,,0.0,0.0,0.0,,0.0044184159487485886,-0.0026744408532977187,-0.06552968174219131
1680270177433992507,,0.0,0.0,0.0,,0.0034504078794270754,-0.0017620900180190886,-0.06837982684373856
1680270177449369500,,0.0,0.0,0.0,,0.0035539104137569666,-0.0017292075790464965,-0.07120419293642044
1680270177465009885,,0.0,0.0,0.0,,0.0037692089099437,-0.001614978536963472,-0.07459229230880737
1680270177481399822,,0.0,0.0,0.0,,0.003107040887698531,-0.0011781367938965654,-0.07821758091449738
1680270177499411302,,0.0,0.0,0.0,,0.002146431477740407,-0.0020896915812045436,-0.08040603995323181
1680270177514373288,,0.0,0.0,0.0,,0.001400104956701398,-0.0027749754954129557,-0.08224006742238998
1680270177531335256,,0.0,0.0,0.0,,0.001654025400057435,-0.002486025216057907,-0.08444937318563461
1680270177550226792,,0.0,0.0,0.0,,-0.0007631480693817139,-0.003739833133295189,-0.08598746359348297
1680270177563617389,,0.0,0.0,0.0,,-0.0027604498900473118,-0.004749776795506488,-0.08632416278123856
1680270177581359515,,0.0,0.0,0.0,,-0.0029121683910489082,-0.006037028506398211,-0.08683878928422928
1680270177597013526,,0.0,0.0,0.0,,-0.004414320457726717,-0.0076214913278818235,-0.08730819076299667
1680270177609937259,,0.0,0.0,0.0,,-0.00556240975856781,-0.008708473294973384,-0.0872512087225914
1680270177629214387,,0.0,0.0,0.0,,-0.007696263026446104,-0.009299237281084071,-0.08765465021133423
1680270177644964588,,0.0,0.0,0.0,,-0.007883155718445778,-0.010187353938817988,-0.08782542496919632
1680270177661919391,,0.0,0.0,0.0,,-0.007841244339942932,-0.011371948756277572,-0.08714781701564789
1680270177681119335,,0.0,0.0,0.0,,-0.009753148071467876,-0.01298538874834777,-0.08576705306768417
1680270177699347310,,0.0,0.0,0.0,,-0.01142121758311987,-0.01700616441667081,-0.08089549839496613
1680270177713422627,,0.0,0.0,0.0,,-0.006420884747058153,-0.014584898948669444,-0.07817209511995316
1680270177731978226,,0.0,0.0,0.0,,-0.016509003937244415,-0.019283395260572444,-0.07291848212480545
1680270177748848090,,0.0,0.0,0.0,,-0.012494484893977642,-0.019437232986092574,-0.06860833615064621
1680270177764171022,,0.0,0.0,0.0,,-0.005827879998832941,-0.01677026972174645,-0.06601495295763016
1680270177780697655,,0.0,0.0,0.0,,-0.018239585682749748,-0.021132236346602447,-0.060113951563835144
1680270177799372916,,0.0,0.0,0.0,,-0.008979682810604572,-0.021044425666332252,-0.051516540348529816
1680270177815563511,,0.0,0.0,0.0,,-0.011232210323214531,-0.02143590338528157,-0.04384654760360718
1680270177833098319,,0.0,0.0,0.0,,-0.02486228570342064,-0.022806651890277866,-0.03428197279572487
1680270177847092926,,0.0,0.0,0.0,,-0.015371489338576794,-0.01951762288808823,-0.02828065678477287
1680270177861277839,,0.0,0.0,0.0,,-0.015076662413775921,-0.018741536885499958,-0.022114932537078854
1680270177877199600,,0.0,0.0,0.0,,-0.023185187950730324,-0.019651884213089946,-0.015401921235024927
1680270177895648128,,0.0,0.0,0.0,,-0.015963714569807053,-0.015701906755566597,-0.010614235885441302
1680270177909849672,,0.0,0.0,0.0,,-0.021744737401604652,-0.015221488662064075,-0.0057974504306912405
1680270177927423153,,0.0,0.0,0.0,,-0.019005270674824715,-0.01359141431748867,-0.0014588691992685181
1680270177941626380,,0.0,0.0,0.0,,-0.013102498836815357,-0.011147541925311089,0.0019366013584658517
1680270177957081638,,0.0,0.0,0.0,,-0.020979948341846466,-0.010418348014354706,0.0049192309379577645
1680270177971858168,,0.0,0.0,0.0,,-0.016653770580887794,-0.007233643904328345,0.006142786704003812
1680270177990351419,,0.0,0.0,0.0,,-0.01256700698286295,-0.004601187072694301,0.00814350601285696
1680270178007845822,,0.0,0.0,0.0,,-0.01742224209010601,-0.004561265930533407,0.012897713109850883
1680270178023944224,,0.0,0.0,0.0,,-0.008086387068033218,0.00024952460080385387,0.014451075345277786
1680270178039695396,,0.0,0.0,0.0,,-0.012262916192412376,0.0009613465517759345,0.01765316165983677
1680270178055530486,,0.0,0.0,0.0,,-0.011894009076058865,0.002259879373013976,0.020382460206747055
1680270178071230292,,0.0,0.0,0.0,,-0.0051054200157523155,0.005435703322291377,0.02244461514055729
1680270178087806097,,0.0,0.0,0.0,,-0.0102859977632761,0.006902738474309447,0.024772513657808304
1680270178101909467,,0.0,0.0,0.0,,-0.005328653380274773,0.009255535900592807,0.027422446757555008
1680270178116083469,,0.0,0.0,0.0,,-0.00449176924303174,0.009802238084375862,0.03043251670897007
1680270178134475902,,0.0,0.0,0.0,,-0.004586663097143173,0.010794715955853466,0.03374132513999939
1680270178151541934,,0.0,0.0,0.0,,0.0006715108174830675,0.013501331210136417,0.03494454175233841
1680270178169587658,,0.0,0.0,0.0,,-0.00044775637798011303,0.014237968251109128,0.03641859069466591
1680270178187753247,,0.0,0.0,0.0,,0.0008601760491728783,0.014104600995779043,0.03925842046737671
1680270178208174915,,0.0,0.0,0.0,,0.00485009141266346,0.015980308875441555,0.042466647922992706
1680270178221850635,,0.0,0.0,0.0,,0.0025529295671731234,0.016150945797562606,0.043841175734996796
1680270178239514606,,0.0,0.0,0.0,,0.00822365190833807,0.01809027791023255,0.04660828039050102
1680270178251914930,,0.0,0.0,0.0,,0.005243947263807058,0.017274431884288795,0.04902557283639908
1680270178267863712,,0.0,0.0,0.0,,0.006786340847611427,0.01730035617947579,0.051586758345365524
1680270178287867138,,0.0,0.0,0.0,,0.0125315235927701,0.01799221150577069,0.05326375365257263
1680270178301110931,,0.0,0.0,0.0,,0.00911154504865408,0.017369279637932784,0.055725060403347015
1680270178319963284,,0.0,0.0,0.0,,0.011961297132074833,0.01641171425580979,0.05746493116021156
1680270178333667868,,0.0,0.0,0.0,,0.013430528342723846,0.016995364800095565,0.05996929109096527
1680270178349738197,,0.0,0.0,0.0,,0.014077870175242424,0.01734126545488835,0.0618940107524395
1680270178367934914,,0.0,0.0,0.0,,0.014633143320679665,0.016911651939153678,0.06452544033527374
1680270178381611115,,0.0,0.0,0.0,,0.014352038502693176,0.01646791025996209,0.06545677781105042
1680270178399821707,,0.0,0.0,0.0,,0.013445454649627209,0.016064066439867027,0.06749021261930466
1680270178414354631,,0.0,0.0,0.0,,0.018027538433670998,0.016608804464340217,0.0694793164730072
1680270178430155216,,0.0,0.0,0.0,,0.015448644757270813,0.015637828037142764,0.07124707102775574
1680270178445369324,,0.0,0.0,0.0,,0.01314700860530138,0.016239510849118243,0.07358889281749725
1680270178461609451,,0.0,0.0,0.0,,0.01630100980401039,0.016282491385936747,0.07531426101922989
1680270178476760451,,0.0,0.0,0.0,,0.013674190267920494,0.01545128971338273,0.076692596077919
1680270178493336145,,0.0,0.0,0.0,,0.014506795443594456,0.0165296532213688,0.0765654593706131
1680270178511238762,,0.0,0.0,0.0,,0.015463253483176231,0.017463231459259997,0.07600609958171844
1680270178529161927,,0.0,0.0,0.0,,0.012840782292187214,0.019025443121790896,0.07480714470148087
1680270178543733483,,0.0,0.0,0.0,,0.01154172234237194,0.01811143383383752,0.07494540512561798
1680270178559134871,,0.0,0.0,0.0,,0.004553197883069515,0.018151100724935542,0.07458633184432983
1680270178577246138,,0.0,0.0,0.0,,0.009539546445012093,0.019564546644687663,0.07252364605665207
1680270178593277224,,0.0,0.0,0.0,,0.005763123743236065,0.02000569738447667,0.07078025490045547
1680270178610102555,,0.0,0.0,0.0,,0.001569116022437811,0.014952676370739946,0.07015203684568405
1680270178628030569,,0.0,0.0,0.0,,0.0059461044147610664,0.019910465925931937,0.06658872216939926
1680270178647245290,,0.0,0.0,0.0,,-0.0007922239601612091,0.01873860508203507,0.058691803365945816
1680270178661759398,,0.0,0.0,0.0,,0.0008974771481007338,0.017227925360202796,0.052087098360061646
1680270178679737416,,0.0,0.0,0.0,,-0.00279521313495934,0.014778351411223417,0.04606324061751366
1680270178695848111,,0.0,0.0,0.0,,-0.00042526470497250557,0.014290204271674161,0.03881770744919777
1680270178712260811,,0.0,0.0,0.0,,0.003140449058264494,0.014794727787375454,0.033211443573236465
1680270178729393306,,0.0,0.0,0.0,,-0.00907362625002861,0.008513364940881733,0.029860636219382286
1680270178743599199,,0.0,0.0,0.0,,-0.007369729690253735,0.0073496112599968945,0.026039335876703262
1680270178761016017,,0.0,0.0,0.0,,0.0020826756954193115,0.009898060932755474,0.021350998431444168
1680270178779172287,,0.0,0.0,0.0,,-0.008609678596258163,0.004637944977730514,0.01615690067410469
1680270178796134315,,0.0,0.0,0.0,,-0.008038087747991085,0.0005401861853897586,0.011335562914609909
1680270178811711472,,0.0,0.0,0.0,,-0.004322540480643511,9.13594849407681e-05,0.006645269691944122
1680270178827724033,,0.0,0.0,0.0,,-0.00488910311833024,-0.0004158383235335348,0.0016045960364863276
1680270178843850777,,0.0,0.0,0.0,,-0.0032992493361234665,-0.003624376375228167,-0.0021701678633689876
1680270178860317138,,0.0,0.0,0.0,,-0.012558674439787865,-0.007976374588906765,-0.005805220454931258
1680270178877697878,,0.0,0.0,0.0,,-0.006381509359925985,-0.007644926197826864,-0.01148429326713085
1680270178897352792,,0.0,0.0,0.0,,-0.004789238795638084,-0.009137785062193872,-0.015367638319730757
1680270178912255899,,0.0,0.0,0.0,,-0.01068394910544157,-0.013872221112251283,-0.01925504393875599
1680270178929327741,,0.0,0.0,0.0,,-0.008208207786083221,-0.01404521614313126,-0.02284536510705948
1680270178947768164,,0.0,0.0,0.0,,-0.00732783880084753,-0.015891145914793018,-0.027965361252427098
1680270178961936525,,0.0,0.0,0.0,,-0.007357971277087927,-0.017428010702133182,-0.031262729316949844
1680270178978050467,,0.0,0.0,0.0,,-0.008670695126056671,-0.019427940249443058,-0.033256083726882935
1680270178999481423,,0.0,0.0,0.0,,-0.008804804645478725,-0.020546682178974155,-0.03746495023369789
1680270179015926242,,0.0,0.0,0.0,,-0.005170001648366451,-0.020075675100088123,-0.0409659817814827
1680270179031360593,,0.0,0.0,0.0,,-0.008903470821678638,-0.023025033995509155,-0.043404657393693924
1680270179049748366,,0.0,0.0,0.0,,-0.009399401023983955,-0.023985227569937713,-0.04581940174102783
1680270179067460086,,0.0,0.0,0.0,,-0.00902099534869194,-0.023257058113813407,-0.04914198815822601
1680270179081991557,,0.0,0.0,0.0,,-0.008714032359421253,-0.023702891543507583,-0.051227498799562454
1680270179099776323,,0.0,0.0,0.0,,-0.009529304690659046,-0.024764273315668113,-0.05208005756139755
1680270179113150038,,0.0,0.0,0.0,,-0.0106344697996974,-0.024970719590783126,-0.054352838546037674
1680270179130501684,,0.0,0.0,0.0,,-0.008249986916780472,-0.02297188341617585,-0.057297948747873306
1680270179149004664,,0.0,0.0,0.0,,-0.006764008663594723,-0.022477684542536742,-0.05922321230173111
1680270179164058552,,0.0,0.0,0.0,,-0.009161055088043213,-0.02312441915273667,-0.06084318831562996
1680270179180064711,,0.0,0.0,0.0,,-0.007031911984086037,-0.02207551524043084,-0.063019759953022
1680270179197458246,,0.0,0.0,0.0,,-0.004835095256567001,-0.01957575604319573,-0.06521112471818924
1680270179212285550,,0.0,0.0,0.0,,-0.005827387794852257,-0.019577465951442725,-0.06741540879011154
1680270179227912670,,0.0,0.0,0.0,,-0.004784581251442432,-0.01908922195434571,-0.0694962590932846
1680270179244201628,,0.0,0.0,0.0,,-0.0022498390171676874,-0.016457851976156245,-0.07183746993541718
1680270179261623075,,0.0,0.0,0.0,,-0.0014626719057559967,-0.01505186129361392,-0.07370096445083618
1680270179277239255,,0.0,0.0,0.0,,0.0009631295688450336,-0.01474126987159253,-0.07640104740858078
1680270179293113077,,0.0,0.0,0.0,,0.0007667450699955225,-0.012678982689976703,-0.0779404491186142
1680270179312153662,,0.0,0.0,0.0,,0.005163222551345825,-0.010381238535046588,-0.08077472448348999
1680270179329454262,,0.0,0.0,0.0,,0.006808070465922356,-0.008668270893394957,-0.08284333348274231
1680270179344170869,,0.0,0.0,0.0,,0.0046251313760876656,-0.008133227936923514,-0.08400242030620575
1680270179363339103,,0.0,0.0,0.0,,0.009097505360841751,-0.005773261189460765,-0.08570149540901184
1680270179379801436,,0.0,0.0,0.0,,0.010146746411919594,-0.004003269132226716,-0.08727946877479553
1680270179396207092,,0.0,0.0,0.0,,0.015487510710954666,-0.0018954849801957716,-0.08773443847894669
1680270179413683031,,0.0,0.0,0.0,,0.011900573037564754,-0.0015961087774485458,-0.08778774738311768
1680270179428808513,,0.0,0.0,0.0,,0.01153961755335331,-0.00020481296814979177,-0.08608430624008179
1680270179447467694,,0.0,0.0,0.0,,0.023074714466929436,0.001904232893139114,-0.08213598281145096
1680270179464310969,,0.0,0.0,0.0,,0.005687681958079338,-0.0031786414328962656,-0.07565997540950775
1680270179479981691,,0.0,0.0,0.0,,0.011407178826630116,0.0007537829224020155,-0.0718359500169754
1680270179496372690,,0.0,0.0,0.0,,0.023808300495147705,0.003634702647104851,-0.06656532734632492
1680270179512161824,,0.0,0.0,0.0,,0.01054901722818613,0.00054803350940346,-0.05857180804014206
1680270179529759369,,0.0,0.0,0.0,,0.018485795706510544,0.0031650275923311645,-0.0518510527908802
1680270179543936848,,0.0,0.0,0.0,,0.014015205204486847,0.0027497648261487428,-0.04628007113933563
1680270179560003751,,0.0,0.0,0.0,,0.01236757729202509,0.004005527589470143,-0.042282894253730774
1680270179573826326,,0.0,0.0,0.0,,0.024862946942448616,0.006199982017278667,-0.038335833698511124
1680270179593044133,,0.0,0.0,0.0,,0.005618993658572435,0.0012315218336880172,-0.028935188427567482
1680270179610986033,,0.0,0.0,0.0,,0.007950037717819214,0.0026645194739103287,-0.0245651938021183
1680270179629824460,,0.0,0.0,0.0,,0.014434181153774261,0.004724178928881881,-0.018398649990558624
1680270179643974688,,0.0,0.0,0.0,,0.005902597215026617,0.0012319013476371748,-0.013311057351529598
1680270179660265359,,0.0,0.0,0.0,,0.01101884339004755,0.0023461049422621714,-0.009054693393409252
1680270179673928626,,0.0,0.0,0.0,,0.005895067006349564,0.0022455221042037006,-0.004512311890721321
1680270179693796920,,0.0,0.0,0.0,,0.0068306392058730125,0.0024789555463939905,0.0006095115095376965
1680270179708781418,,0.0,0.0,0.0,,0.01102997176349163,0.0037732946220785384,0.00397189613431692
1680270179727390075,,0.0,0.0,0.0,,-0.0019598370417952538,0.0006350022740662109,0.00892166793346405
1680270179742175230,,0.0,0.0,0.0,,0.003789254929870367,0.003823733422905208,0.011542137712240219
1680270179760892200,,0.0,0.0,0.0,,0.004938405938446522,0.002816065680235626,0.013684329576790333
1680270179775206084,,0.0,0.0,0.0,,-0.003148419549688697,0.0013707965845242164,0.017619546502828598
1680270179793419542,,0.0,0.0,0.0,,0.0030923131853342056,0.0019161896780133271,0.019974693655967712
1680270179810479082,,0.0,0.0,0.0,,-0.0027535785920917988,0.0017049594316631584,0.022280797362327576
1680270179823938337,,0.0,0.0,0.0,,-0.0027139263693243265,0.0017295379657298357,0.024057650938630104
1680270179841548877,,0.0,0.0,0.0,,-0.0018526270287111402,0.0009695722255855831,0.02621113508939743
1680270179859918948,,0.0,0.0,0.0,,-0.00764661468565464,0.0003645198885351454,0.028390364721417427
1680270179872677282,,0.0,0.0,0.0,,-0.001775643671862781,0.0033321580849587956,0.030245257541537285
1680270179893967225,,0.0,0.0,0.0,,-0.007985040545463562,0.0018351736944168845,0.03265361115336418
1680270179911350850,,0.0,0.0,0.0,,-0.010204030200839043,0.001049191225320105,0.03449339047074318
1680270179928492113,,0.0,0.0,0.0,,-0.0051460303366184235,0.002502198098227386,0.03590739518404007
1680270179944765192,,0.0,0.0,0.0,,-0.011535853147506714,0.002436443231999879,0.03935004770755768
1680270179960920029,,0.0,0.0,0.0,,-0.009692600928246975,0.0032795825973153166,0.042542047798633575
1680270179973655140,,0.0,0.0,0.0,,-0.00944201648235321,0.0028894776478409824,0.045014020055532455
1680270179992282842,,0.0,0.0,0.0,,-0.012638354673981667,0.0032034274190664348,0.0469302199780941
1680270180007979363,,0.0,0.0,0.0,,-0.010567525401711464,0.004274178296327597,0.04904848709702492
1680270180023524510,,0.0,0.0,0.0,,-0.015142722055315971,0.003343858523294336,0.05263964459300041
1680270180041536931,,0.0,0.0,0.0,,-0.0157427079975605,0.003046779893338687,0.05615617707371712
1680270180057976471,,0.0,0.0,0.0,,-0.011749651283025742,0.0050708623602986405,0.05805123224854469
1680270180070513712,,0.0,0.0,0.0,,-0.015198805369436741,0.0038507003337144925,0.060302142053842545
1680270180090014789,,0.0,0.0,0.0,,-0.016747063025832176,0.00460430374369026,0.06383830308914185
1680270180104371342,,0.0,0.0,0.0,,-0.01642138883471489,0.005276614800095566,0.06607246398925781
1680270180119346804,,0.0,0.0,0.0,,-0.015788555145263672,0.006524563767015943,0.06742534786462784
1680270180134062068,,0.0,0.0,0.0,,-0.013708888553082943,0.007349079474806794,0.06921388953924179
1680270180151006583,,0.0,0.0,0.0,,-0.018228335306048393,0.006404045969247827,0.07138020545244217
1680270180168074558,,0.0,0.0,0.0,,-0.017206834629178047,0.0069501874968409625,0.07202315330505371
1680270180190008615,,0.0,0.0,0.0,,-0.011275568045675755,0.009859799407422551,0.07427765429019928
1680270180204640594,,0.0,0.0,0.0,,-0.016763165593147278,0.009124444797635087,0.0759652704000473
1680270180221390464,,0.0,0.0,0.0,,-0.015616203658282757,0.009003374725580224,0.07770171016454697
1680270180238207330,,0.0,0.0,0.0,,-0.01365114375948906,0.008907046169042598,0.07812274247407913
1680270180260562084,,0.0,0.0,0.0,,-0.011188201606273651,0.010499621741473685,0.07963473349809647
1680270180272419543,,0.0,0.0,0.0,,-0.010613756254315376,0.010334885679185401,0.0807860866189003
1680270180292242171,,0.0,0.0,0.0,,-0.013024328276515007,0.009557579644024383,0.08200910687446594
1680270180312299618,,0.0,0.0,0.0,,-0.008343901485204697,0.011670026928186427,0.0830824226140976
1680270180328501093,,0.0,0.0,0.0,,-0.008131825365126133,0.012444818392395984,0.08163933455944061
1680270180345030871,,0.0,0.0,0.0,,-0.01184066291898489,0.016365377232432376,0.07768352329730988
1680270180362471995,,0.0,0.0,0.0,,-0.006955879274755716,0.016250167042016993,0.07433255016803741
1680270180377608167,,0.0,0.0,0.0,,-0.0057054986245930195,0.016859201714396484,0.06991423666477203
1680270180396908768,,0.0,0.0,0.0,,-0.002557423198595643,0.017365187406539924,0.06463873386383057
1680270180413345783,,0.0,0.0,0.0,,-0.00491565465927124,0.01574211940169335,0.05764589086174965
1680270180429345701,,0.0,0.0,0.0,,0.005334869027137756,0.019055353477597244,0.04937879741191864
1680270180443972981,,0.0,0.0,0.0,,0.002901344792917371,0.016014466062188152,0.04194491356611252
1680270180460163355,,0.0,0.0,0.0,,0.0014215137343853712,0.014102493412792686,0.03451107442378998
1680270180474156979,,0.0,0.0,0.0,,0.005953509360551834,0.014292899519205097,0.02685107290744781
1680270180492275480,,0.0,0.0,0.0,,0.007263027131557465,0.013086343184113504,0.018741801381111145
1680270180509347623,,0.0,0.0,0.0,,0.006098777521401644,0.010153417475521566,0.012032522819936274
1680270180527643114,,0.0,0.0,0.0,,0.009891673922538757,0.009911248460412027,0.007101302966475486
1680270180541908107,,0.0,0.0,0.0,,0.008693777956068516,0.00792792160063982,0.0036085459869354955
1680270180556160085,,0.0,0.0,0.0,,0.011125126853585243,0.0071757035329937935,0.00036310078576207074
1680270180572002558,,0.0,0.0,0.0,,0.013290200382471085,0.006768515799194574,-0.0031678099185228356
1680270180590491401,,0.0,0.0,0.0,,0.00858863815665245,0.0036471919156610957,-0.007532287389039994
1680270180609385472,,0.0,0.0,0.0,,0.01394149474799633,0.0031504142098128783,-0.011770907789468765
1680270180623566668,,0.0,0.0,0.0,,0.012145129032433033,0.0018772466573864204,-0.014554638415575027
1680270180640695487,,0.0,0.0,0.0,,0.010338624939322472,0.0007985539268702249,-0.01637221872806549
1680270180652792845,,0.0,0.0,0.0,,0.01315450668334961,0.00029657385312020546,-0.018913663923740387
1680270180673792525,,0.0,0.0,0.0,,0.011892635375261307,-0.0005347849801182775,-0.022913260385394096
1680270180690563975,,0.0,0.0,0.0,,0.011724809184670448,-0.001428637653589252,-0.02720116451382637
1680270180707720636,,0.0,0.0,0.0,,0.010773093439638615,-0.0024229229893535415,-0.0304940827190876
1680270180726790947,,0.0,0.0,0.0,,0.0100845443084836,-0.0037718710955232425,-0.03465081378817558
1680270180740388341,,0.0,0.0,0.0,,0.01122894324362278,-0.004246955737471585,-0.03672230988740921
1680270180756787575,,0.0,0.0,0.0,,0.009093502536416054,-0.0057452796027064375,-0.040130745619535446
1680270180772673680,,0.0,0.0,0.0,,0.007071998901665211,-0.006659547798335557,-0.042346980422735214
1680270180790331498,,0.0,0.0,0.0,,0.009399263188242912,-0.006469421088695531,-0.04471689462661743
1680270180807578239,,0.0,0.0,0.0,,0.007004224229604006,-0.007946253754198556,-0.047832589596509933
1680270180827394274,,0.0,0.0,0.0,,0.008696014992892742,-0.007564304862171418,-0.051500581204891205
1680270180842108326,,0.0,0.0,0.0,,0.0069050053134560585,-0.009258611127734191,-0.05347803235054016
1680270180858662070,,0.0,0.0,0.0,,0.006731358356773853,-0.009884435683488853,-0.05632300674915314
1680270180872776060,,0.0,0.0,0.0,,0.007096484303474426,-0.011222042143344886,-0.0586107037961483
1680270180891394876,,0.0,0.0,0.0,,0.004502614960074425,-0.013090039603412158,-0.06044207885861397
1680270180907304184,,0.0,0.0,0.0,,0.0064363861456513405,-0.013190991245210178,-0.06271587312221527
1680270180927242969,,0.0,0.0,0.0,,0.005360571667551994,-0.014481432735919961,-0.06497303396463394
1680270180942029397,,0.0,0.0,0.0,,0.0047949752770364285,-0.016054481267929084,-0.06680134683847427
1680270180960747379,,0.0,0.0,0.0,,0.00556700536981225,-0.01765688136219979,-0.06895556300878525
1680270180973796016,,0.0,0.0,0.0,,0.004227976314723492,-0.01817195303738118,-0.07062462717294693
1680270180995837925,,0.0,0.0,0.0,,0.005004946142435074,-0.020106622949242602,-0.07258728891611099
1680270181008951553,,0.0,0.0,0.0,,0.0038837373722344637,-0.020547594875097285,-0.07420323044061661
1680270181026554018,,0.0,0.0,0.0,,0.0030092427041381598,-0.02154417708516122,-0.07633783668279648
1680270181044364483,,0.0,0.0,0.0,,0.0038686192128807306,-0.021559011191129695,-0.07737718522548676
1680270181060824271,,0.0,0.0,0.0,,0.0026357178576290607,-0.02247457765042783,-0.07905974984169006
1680270181071835156,,0.0,0.0,0.0,,0.0010679468978196383,-0.022934697568416606,-0.0804462656378746
1680270181090215646,,0.0,0.0,0.0,,0.001982787624001503,-0.021796705201268207,-0.08245372772216797
1680270181107654005,,0.0,0.0,0.0,,0.0005526740569621325,-0.02197919972240926,-0.08397545665502548
1680270181124366705,,0.0,0.0,0.0,,-0.0007850283291190863,-0.021825412288308154,-0.08563428372144699
1680270181141896254,,0.0,0.0,0.0,,-9.081442840397358e-05,-0.02313603088259698,-0.08614995330572128
1680270181156976341,,0.0,0.0,0.0,,0.0029671075753867626,-0.01949847675859929,-0.08709333837032318
1680270181174150575,,0.0,0.0,0.0,,-0.005665574222803116,-0.021073520183563243,-0.08726287633180618
1680270181191443972,,0.0,0.0,0.0,,0.00033371662721037865,-0.01871943287551404,-0.0870814099907875
1680270181210588662,,0.0,0.0,0.0,,0.0024321475066244602,-0.015353882685303698,-0.08584525436162949
1680270181226304308,,0.0,0.0,0.0,,-0.00890811625868082,-0.017636356875300418,-0.0816953256726265
1680270181244637981,,0.0,0.0,0.0,,0.0030325509142130613,-0.013603941537439834,-0.08099586516618729
1680270181260429649,,0.0,0.0,0.0,,-0.005151506047695875,-0.01509725861251355,-0.07520555704832077
1680270181272612957,,0.0,0.0,0.0,,-0.005538023076951504,-0.014322558417916307,-0.07028772681951523
1680270181290101710,,0.0,0.0,0.0,,-0.004173418506979942,-0.01113389991223813,-0.06598478555679321
1680270181304232050,,0.0,0.0,0.0,,-0.0027755361516028643,-0.009613193571567542,-0.06105721369385719
1680270181319465264,,0.0,0.0,0.0,,-0.003095207968726754,-0.00825763866305352,-0.054167114198207855
1680270181332888181,,0.0,0.0,0.0,,-0.0014616982080042362,-0.006705378182232386,-0.04895395785570145
1680270181351925069,,0.0,0.0,0.0,,-0.01192531269043684,-0.006622577086091047,-0.04210576042532921
1680270181364639602,,0.0,0.0,0.0,,-0.008740284480154514,-0.004055098630487923,-0.03823507949709892
1680270181380717345,,0.0,0.0,0.0,,-0.0034777396358549595,-0.0016168022993952077,-0.03410753235220909
1680270181398152777,,0.0,0.0,0.0,,-0.009278545156121254,-0.0019196399953216351,-0.029552781954407692
1680270181410144758,,0.0,0.0,0.0,,-0.007662826217710972,0.00016473955474793564,-0.0284283310174942
1680270181427874211,,0.0,0.0,0.0,,-0.003540029749274254,0.0027659828774630993,-0.025206446647644043
1680270181442078569,,0.0,0.0,0.0,,-0.009075578302145004,0.0014665842754766321,-0.020030299201607704
1680270181458068749,,0.0,0.0,0.0,,-0.006744201295077801,0.001913870917633174,-0.01524488627910614
1680270181477939577,,0.0,0.0,0.0,,-0.011383337900042534,0.002603892469778656,-0.008504633791744709
1680270181493862711,,0.0,0.0,0.0,,-0.010029393248260021,0.003120692446827888,-0.004610651172697544
1680270181512841140,,0.0,0.0,0.0,,-0.0059639508835971355,0.0037688175216317177,-4.1330873500556214e-05
1680270181528515248,,0.0,0.0,0.0,,-0.012430326081812382,0.0018806162988767034,0.005083960015326738
1680270181546457589,,0.0,0.0,0.0,,-0.007051390595734119,0.003723095636814834,0.009349705651402473
1680270181561179466,,0.0,0.0,0.0,,-0.0072894711047410965,0.0048991921357810515,0.0116965863853693
1680270181579472012,,0.0,0.0,0.0,,-0.012646693736314774,0.0029717853758484142,0.015354299917817116
1680270181596888138,,0.0,0.0,0.0,,-0.007157207932323217,0.004372420255094768,0.017477579414844513
1680270181614268999,,0.0,0.0,0.0,,-0.009956619702279568,0.004016957245767119,0.019986238330602646
1680270181630263686,,0.0,0.0,0.0,,-0.008319498971104622,0.0041320794261992,0.021808143705129623
1680270181647881771,,0.0,0.0,0.0,,-0.008952003903687,0.00302273430861533,0.02541121281683445
1680270181663623425,,0.0,0.0,0.0,,-0.009976760484278202,0.0025236734654754435,0.027776822447776794
1680270181680505603,,0.0,0.0,0.0,,-0.0047009894624352455,0.003704851027578119,0.02967955358326435
1680270181696876124,,0.0,0.0,0.0,,-0.008675560355186462,0.002406095853075389,0.031448084861040115
1680270181712343415,,0.0,0.0,0.0,,-0.010151813738048077,0.0019345700275152963,0.03363940864801407
1680270181729609040,,0.0,0.0,0.0,,-0.004746898077428341,0.004748750012367968,0.0350138358771801
1680270181750506709,,0.0,0.0,0.0,,-0.0053645288571715355,0.005136175081133847,0.03775140270590782
1680270181764890974,,0.0,0.0,0.0,,-0.0058489637449383736,0.00531196035444737,0.0392342247068882
1680270181780647186,,0.0,0.0,0.0,,-0.005652512889355421,0.005890551023185258,0.04168267175555229
1680270181797173719,,0.0,0.0,0.0,,-0.0039566075429320335,0.005965795367956167,0.04370535537600517
1680270181810761023,,0.0,0.0,0.0,,-0.000878792954608798,0.007325405254960065,0.044975873082876205
1680270181829305601,,0.0,0.0,0.0,,-0.0032152836211025715,0.006591651588678366,0.04811754450201988
1680270181847991282,,0.0,0.0,0.0,,-0.002332521602511406,0.006942586041986948,0.0500066839158535
1680270181864074375,,0.0,0.0,0.0,,0.0020434854086488485,0.008686627261340625,0.05219750478863716
1680270181881518043,,0.0,0.0,0.0,,-0.0004825743380934,0.008448588661849506,0.05463310331106186
1680270181898155884,,0.0,0.0,0.0,,0.0004624670837074518,0.009489730931818492,0.05821443349123001
1680270181914405759,,0.0,0.0,0.0,,0.0008876400534063578,0.009456753730773933,0.05999923124909401
1680270181932606453,,0.0,0.0,0.0,,0.005413596518337727,0.010270153172314174,0.061636172235012054
1680270181950148656,,0.0,0.0,0.0,,0.004067620262503624,0.009730280376970777,0.0641620010137558
1680270181964579919,,0.0,0.0,0.0,,0.0017198454588651657,0.009116096422076234,0.06559895724058151
1680270181982042502,,0.0,0.0,0.0,,0.006090124137699604,0.011489446274936208,0.06724339723587036
1680270182001550341,,0.0,0.0,0.0,,0.008696509525179863,0.011230635456740865,0.06961064785718918
1680270182014726968,,0.0,0.0,0.0,,0.005757889710366726,0.010638188570737847,0.07153066247701645
1680270182029394353,,0.0,0.0,0.0,,0.005440169014036655,0.010674389079213151,0.07354314625263214
1680270182049153011,,0.0,0.0,0.0,,0.007130765356123447,0.011243427172303208,0.07447976619005203
1680270182066457109,,0.0,0.0,0.0,,0.00741985160857439,0.01156817004084588,0.07601684331893921
1680270182081699179,,0.0,0.0,0.0,,0.006714988499879837,0.011175714433193215,0.07741519808769226
1680270182100626602,,0.0,0.0,0.0,,0.006106282118707895,0.01105426624417306,0.07907801866531372
1680270182114715776,,0.0,0.0,0.0,,0.008539197966456413,0.012043282389640819,0.07943785935640335
1680270182130387379,,0.0,0.0,0.0,,0.0072393594309687614,0.012414449825882922,0.08038957417011261
1680270182149225856,,0.0,0.0,0.0,,0.006019220221787691,0.011006884276866923,0.08183062076568604
1680270182164127950,,0.0,0.0,0.0,,0.006990180350840092,0.010470372624695311,0.08245114982128143
1680270182180229808,,0.0,0.0,0.0,,0.006276728585362434,0.011216243728995334,0.08293578773736954
1680270182197015907,,0.0,0.0,0.0,,0.006374208256602287,0.010495299473404895,0.08439932763576508
1680270182212199507,,0.0,0.0,0.0,,0.0038435342721641064,0.010347621515393268,0.08530741930007935
1680270182226641200,,0.0,0.0,0.0,,0.004898363724350929,0.010921604931354533,0.08512937277555466
1680270182244093745,,0.0,0.0,0.0,,0.004557605367153883,0.011412909254431735,0.08572085201740265
1680270182259477429,,0.0,0.0,0.0,,0.004385193344205618,0.0107539612799883,0.08589618653059006
1680270182270774330,,0.0,0.0,0.0,,0.002307148417457938,0.010077807120978843,0.08587426692247391
1680270182291015521,,0.0,0.0,0.0,,0.00255309185013175,0.011371714994311343,0.08607915043830872
1680270182306948743,,0.0,0.0,0.0,,0.003028399543836713,0.011196543462574492,0.08594222366809845
1680270182327060422,,0.0,0.0,0.0,,-0.0018237833864986897,0.010657833889126788,0.08431243896484375
1680270182342309255,,0.0,0.0,0.0,,0.003656328422948718,0.012001646682620059,0.08288423717021942
1680270182357599375,,0.0,0.0,0.0,,-0.0025591424200683832,0.011971571482718001,0.0805986300110817
1680270182371241442,,0.0,0.0,0.0,,-0.003193320007994771,0.013552703894674788,0.07811582088470459
1680270182389779296,,0.0,0.0,0.0,,0.002003222005441785,0.014468753710389146,0.0748833417892456
1680270182407342728,,0.0,0.0,0.0,,-0.0007487530820071697,0.014113282784819612,0.07141043245792389
1680270182425242229,,0.0,0.0,0.0,,0.0006248250138014555,0.015942579135298736,0.06719119846820831
1680270182441864120,,0.0,0.0,0.0,,-0.0008842686656862497,0.014012044295668609,0.06157948076725006
1680270182459401393,,0.0,0.0,0.0,,0.004087160341441631,0.015919886529445655,0.054749224334955215
1680270182471168143,,0.0,0.0,0.0,,0.0015712450258433819,0.015393139794468885,0.0486287884414196
1680270182489588989,,0.0,0.0,0.0,,-0.0008098145481199026,0.0145134823396802,0.04101160541176796
1680270182506811323,,0.0,0.0,0.0,,-0.0007547198329120874,0.014518354088068012,0.033314261585474014
1680270182521787345,,0.0,0.0,0.0,,-0.0027542244642972946,0.013572273775935177,0.027278179302811623
1680270182538941862,,0.0,0.0,0.0,,0.0012410336639732122,0.012820786796510223,0.021436646580696106
1680270182557340947,,0.0,0.0,0.0,,0.0005295795854181051,0.011058558709919454,0.014710867777466772
1680270182574307683,,0.0,0.0,0.0,,-0.0026991183403879404,0.010093211196362974,0.009141941554844378
1680270182591071149,,0.0,0.0,0.0,,-0.0013860270846635103,0.009593595750629902,0.00377150299027562
1680270182610051011,,0.0,0.0,0.0,,-0.0030655802693217993,0.008182670921087265,0.0005215169512666752
1680270182624751638,,0.0,0.0,0.0,,-0.0011334143346175551,0.007046789862215519,-0.0031247478909790525
1680270182641908580,,0.0,0.0,0.0,,-0.0024403166025877,0.005069286562502383,-0.007515855599194766
1680270182657662787,,0.0,0.0,0.0,,-0.0036278266925364733,0.004732325673103331,-0.01107703149318695
1680270182671987952,,0.0,0.0,0.0,,-0.0012116872239857912,0.003579329699277876,-0.014855613000690937
1680270182689643627,,0.0,0.0,0.0,,-0.0037377490662038326,0.0008638754952698923,-0.01862957701086998
1680270182709621595,,0.0,0.0,0.0,,-0.004311933182179928,-0.0011183940805494813,-0.023516057059168816
1680270182727764441,,0.0,0.0,0.0,,-0.0036900476552546024,-0.0019192022737115656,-0.02778753638267517
1680270182743426006,,0.0,0.0,0.0,,-0.0004088187124580145,-0.003971776925027374,-0.02896837890148163
1680270182761746594,,0.0,0.0,0.0,,0.014225746504962444,-0.0023677130229771185,-0.03727298974990845
1680270182772282461,,0.0,0.0,0.0,,0.009295530617237091,-0.007083615753799683,-0.047334589064121246
1680270182791331752,,0.0,0.0,0.0,,-0.0141980592161417,-0.004081128165125852,-0.04503633826971054
1680270182807011501,,0.0,0.0,0.0,,-0.011726142838597298,-0.0003507130313664731,-0.045888762921094894
1680270182824824369,,0.0,0.0,0.0,,0.021699795499444008,-0.0030156746506691035,-0.046206891536712646
1680270182839815580,,0.0,0.0,0.0,,0.038687814027071,-0.0032652532681822833,-0.04621685668826103
1680270182854616284,,0.0,0.0,0.0,,0.013217998668551445,-0.006749727763235575,-0.049367230385541916
1680270182871752808,,0.0,0.0,0.0,,-0.012846240773797035,-0.009634654968976981,-0.053773149847984314
1680270182890276527,,0.0,0.0,0.0,,0.013080377131700516,-0.008927460759878166,-0.05365033447742462
1680270182909737588,,0.0,0.0,0.0,,0.027289491146802902,-0.012027123011648662,-0.05316375941038132
1680270182921722435,,0.0,0.0,0.0,,0.015495751053094864,-0.0132190939038992,-0.05555112659931183
1680270182936713466,,0.0,0.0,0.0,,-0.0027725992258638144,-0.014766993001103408,-0.05859409645199776
1680270182951203689,,0.0,0.0,0.0,,-0.00570496404543519,-0.017645757645368583,-0.058344848453998566
1680270182967606961,,0.0,0.0,0.0,,0.01468274462968111,-0.01655379682779313,-0.05731911584734917
1680270182983333868,,0.0,0.0,0.0,,0.024946441873908043,-0.015191929414868362,-0.059280384331941605
1680270183001275858,,0.0,0.0,0.0,,0.0007137318607419729,-0.01763937063515187,-0.06111982837319374
1680270183017048782,,0.0,0.0,0.0,,-0.009676171466708183,-0.020753586664795882,-0.06273242831230164
1680270183030618523,,0.0,0.0,0.0,,0.004488205537199974,-0.019811941310763366,-0.06348209828138351
1680270183049350471,,0.0,0.0,0.0,,0.016741417348384857,-0.01707178913056851,-0.06518548727035522
1680270183063433503,,0.0,0.0,0.0,,0.00891262199729681,-0.017720231786370284,-0.06784724444150925
1680270183082003538,,0.0,0.0,0.0,,-0.01504161860793829,-0.021718058735132224,-0.0690104067325592
1680270183098722510,,0.0,0.0,0.0,,-0.0006063964683562517,-0.020762544125318534,-0.06833337992429733
1680270183113485675,,0.0,0.0,0.0,,0.019040485844016075,-0.015276634134352216,-0.06878151744604111
1680270183131357123,,0.0,0.0,0.0,,-0.0028090744744986296,-0.019159886986017234,-0.06850388646125793
1680270183150590989,,0.0,0.0,0.0,,-0.012648332864046097,-0.018853323534131057,-0.06720638275146484
1680270183162941380,,0.0,0.0,0.0,,-0.007460927125066519,-0.017543777823448188,-0.06895508617162704
1680270183181543806,,0.0,0.0,0.0,,0.0009490135125815868,-0.015901125967502604,-0.07096973806619644
1680270183196954792,,0.0,0.0,0.0,,0.008284066803753376,-0.012131170369684705,-0.07110864669084549
1680270183212287902,,0.0,0.0,0.0,,-0.012720287777483463,-0.016735721379518516,-0.06999945640563965
1680270183229252905,,0.0,0.0,0.0,,-0.011846963316202164,-0.016608400270342834,-0.06677646934986115
1680270183243233295,,0.0,0.0,0.0,,0.006161496974527836,-0.012513522058725366,-0.06436219811439514
1680270183261541620,,0.0,0.0,0.0,,0.0030768816359341145,-0.014357059262692935,-0.058029402047395706
1680270183274884358,,0.0,0.0,0.0,,-0.013382643461227417,-0.017630815505981452,-0.05442574992775917
1680270183293444764,,0.0,0.0,0.0,,-0.007069016806781292,-0.01686250418424607,-0.049970973283052444
1680270183309513651,,0.0,0.0,0.0,,0.0031052485574036837,-0.015040502883493906,-0.04468375816941261
1680270183327354432,,0.0,0.0,0.0,,-0.002894916571676731,-0.019334729760885242,-0.03668826445937157
1680270183345001049,,0.0,0.0,0.0,,-0.007547195069491863,-0.020248182117939,-0.029018197208642956
1680270183358184198,,0.0,0.0,0.0,,-0.013252423144876957,-0.021075993776321415,-0.02514991536736488
1680270183371185557,,0.0,0.0,0.0,,-0.007909255102276802,-0.019666984677314762,-0.01881516724824905
1680270183391421838,,0.0,0.0,0.0,,-0.002086461754515767,-0.01979454979300499,-0.010228065773844717
1680270183409999948,,0.0,0.0,0.0,,-0.011893962509930134,-0.020483706146478653,-0.0043615731410682175
1680270183424529976,,0.0,0.0,0.0,,-0.011203231289982796,-0.01868288964033127,0.00015424468438141276
1680270183441559951,,0.0,0.0,0.0,,-0.009947776794433594,-0.018934449180960655,0.006744959857314828
1680270183456843007,,0.0,0.0,0.0,,-0.007204560097306967,-0.018204322084784508,0.01157686021178961
1680270183470043909,,0.0,0.0,0.0,,-0.006468567997217178,-0.016209421679377552,0.01523741986602545
1680270183490145759,,0.0,0.0,0.0,,-0.011763788759708405,-0.014691286720335482,0.018182193860411647
1680270183506818465,,0.0,0.0,0.0,,-0.012207681313157082,-0.013220161199569699,0.022509098052978516
1680270183524916708,,0.0,0.0,0.0,,-0.006420162506401539,-0.010411703959107396,0.02724296972155571
1680270183539133450,,0.0,0.0,0.0,,-0.007393687032163143,-0.009609656408429142,0.0294741652905941
1680270183556823689,,0.0,0.0,0.0,,-0.01113760657608509,-0.005958967842161652,0.03084215149283409
1680270183570971141,,0.0,0.0,0.0,,-0.012600619345903397,-0.004217837937176223,0.03401672840118408
1680270183589887925,,0.0,0.0,0.0,,-0.009282751940190792,-0.002737663919106121,0.037474747747182846
1680270183607013267,,0.0,0.0,0.0,,-0.0039611803367733955,0.0028084716759622145,0.039707083255052567
1680270183621877300,,0.0,0.0,0.0,,-0.0099599938839674,0.005813091993331914,0.040646813809871674
1680270183638858864,,0.0,0.0,0.0,,-0.013012212701141834,0.00836540292948485,0.0435643270611763
1680270183653032486,,0.0,0.0,0.0,,-0.006346361245959997,0.011559442616999155,0.04571125656366348
1680270183668996967,,0.0,0.0,0.0,,-0.004463108256459236,0.015017743222415452,0.04691413789987564
1680270183689367810,,0.0,0.0,0.0,,-0.006936842575669289,0.01929363794624806,0.04887764900922775
1680270183709949698,,0.0,0.0,0.0,,-0.010340401902794838,0.020978618413209922,0.05072884261608124
1680270183724990151,,0.0,0.0,0.0,,-0.00413895957171917,0.024655345827341087,0.05231079086661339
1680270183736982903,,0.0,0.0,0.0,,-5.2876072004437447e-05,0.028095509856939323,0.053440652787685394
1680270183751209213,,0.0,0.0,0.0,,-0.004098453093320131,0.02969415672123433,0.05579200759530067
1680270183768223037,,0.0,0.0,0.0,,-0.007655520457774401,0.03079644590616227,0.05775544047355651
1680270183789426668,,0.0,0.0,0.0,,-0.0012514693662524223,0.03461049124598504,0.05988400429487228
1680270183804562760,,0.0,0.0,0.0,,0.0027269460260868073,0.03714318200945855,0.061572235077619546
1680270183819146638,,0.0,0.0,0.0,,-0.0008286652155220509,0.037233289331197746,0.0632253959774971
1680270183834226986,,0.0,0.0,0.0,,-0.0038957875221967697,0.03654716163873673,0.06551606208086014
1680270183850393846,,0.0,0.0,0.0,,-0.001575285685248673,0.036774095147848136,0.0667487382888794
1680270183867031106,,0.0,0.0,0.0,,0.005151909310370684,0.03933029994368554,0.06970866769552231
1680270183881879089,,0.0,0.0,0.0,,0.002216671360656619,0.03938083723187447,0.07240583002567291
1680270183899082106,,0.0,0.0,0.0,,-0.0015804935246706009,0.03655339032411576,0.07480777055025101
1680270183919038585,,0.0,0.0,0.0,,0.0021951564121991396,0.036981739103794105,0.07732826471328735
1680270183931162412,,0.0,0.0,0.0,,0.005131181329488754,0.03602366149425507,0.078719362616539
1680270183949433688,,0.0,0.0,0.0,,0.005003348924219608,0.033920437097549445,0.0807904452085495
1680270183964533141,,0.0,0.0,0.0,,0.0010802478063851595,0.03303439542651177,0.08248705416917801
1680270183979360806,,0.0,0.0,0.0,,0.002355639822781086,0.03143722191452981,0.08391927927732468
1680270183997467274,,0.0,0.0,0.0,,0.00793448742479086,0.030406299978494655,0.08564148098230362
1680270184013942220,,0.0,0.0,0.0,,0.003783922642469406,0.027485698461532603,0.08757776021957397
1680270184028596630,,0.0,0.0,0.0,,0.0012701456435024738,0.02707616612315179,0.08694645017385483
1680270184047300095,,0.0,0.0,0.0,,0.003922286909073591,0.02754671499133111,0.084026999771595
1680270184062478105,,0.0,0.0,0.0,,-0.0005059486720710993,0.023595504462718974,0.08296719193458557
1680270184077188400,,0.0,0.0,0.0,,0.011511281132698059,0.025623291730880748,0.08021093904972076
1680270184097274170,,0.0,0.0,0.0,,-0.009520688094198704,0.019053593277931224,0.07543358206748962
1680270184110974326,,0.0,0.0,0.0,,0.0009670392610132694,0.021652417257428176,0.06992888450622559
1680270184130641433,,0.0,0.0,0.0,,0.010082283057272434,0.020818570628762252,0.062276192009449005
1680270184146688319,,0.0,0.0,0.0,,-0.005932546220719814,0.014874633401632316,0.05556708946824074
1680270184160593798,,0.0,0.0,0.0,,0.0049158488400280476,0.01469535473734141,0.048378828912973404
1680270184176728288,,0.0,0.0,0.0,,0.0025458598975092173,0.012107453308999544,0.04242832586169243
1680270184197381018,,0.0,0.0,0.0,,0.0012090164236724377,0.009191849268972879,0.035538334399461746
1680270184209056898,,0.0,0.0,0.0,,0.006088429130613804,0.006979309022426609,0.030294694006443024
1680270184228956189,,0.0,0.0,0.0,,-0.006717355456203222,0.0020823895465582635,0.02219172939658165
1680270184244789194,,0.0,0.0,0.0,,0.0012598959729075432,0.002645128872245552,0.015384938567876816
1680270184259655040,,0.0,0.0,0.0,,0.004968088120222092,0.00041292887181043744,0.009951535612344742
1680270184272982829,,0.0,0.0,0.0,,-0.004228480160236359,-0.005937969312071799,0.007227612659335137
1680270184293410128,,0.0,0.0,0.0,,0.0005073635838925838,-0.007103269919753075,0.0004408980021253237
1680270184309401660,,0.0,0.0,0.0,,-0.0009705484844744205,-0.008926812559366226,-0.0030054077506065356
1680270184326694416,,0.0,0.0,0.0,,-0.0033747078850865364,-0.013608691282570362,-0.005019753240048884
1680270184340921838,,0.0,0.0,0.0,,0.0013204170390963554,-0.015420529060065748,-0.008305734954774378
1680270184359742592,,0.0,0.0,0.0,,-0.003766729962080717,-0.0178612619638443,-0.011750423349440096
1680270184373404255,,0.0,0.0,0.0,,-0.0006236445624381304,-0.01911604590713978,-0.015378437936305998
1680270184391318013,,0.0,0.0,0.0,,-0.0017873215256258845,-0.022046649828553203,-0.018044250085949894
1680270184407047705,,0.0,0.0,0.0,,-0.004275359213352203,-0.024995230138301853,-0.01973144710063934
1680270184424561053,,0.0,0.0,0.0,,0.0008351714350283146,-0.024610195308923725,-0.023421041667461392
1680270184438698557,,0.0,0.0,0.0,,-0.0029572690837085247,-0.02613889239728451,-0.026124559342861172
1680270184450719462,,0.0,0.0,0.0,,-0.004640845116227865,-0.027977112680673603,-0.027136528864502903
1680270184469455076,,0.0,0.0,0.0,,-0.001892370986752212,-0.029233468696475032,-0.030417801812291142
1680270184483225063,,0.0,0.0,0.0,,-0.0007988801226019859,-0.02903832867741585,-0.03244899213314056
1680270184501478716,,0.0,0.0,0.0,,-0.0010896156309172511,-0.029120456427335743,-0.034970570355653756
1680270184521325058,,0.0,0.0,0.0,,-0.0019807806238532066,-0.03082213550806046,-0.03742802888154983
1680270184536969360,,0.0,0.0,0.0,,-0.00042102811858057976,-0.030696375295519832,-0.040086604654788964
1680270184551119347,,0.0,0.0,0.0,,0.0036592145916074514,-0.029172988608479507,-0.042731579393148415
1680270184571119116,,0.0,0.0,0.0,,-0.0005622981116175652,-0.028622724115848548,-0.04487593844532966
1680270184592096795,,0.0,0.0,0.0,,-0.0003886846825480461,-0.028042586520314224,-0.047475747764110565
1680270184609447740,,0.0,0.0,0.0,,0.005448904819786549,-0.025539100170135505,-0.050672102719545364
1680270184627250239,,0.0,0.0,0.0,,0.003966799005866051,-0.02510295622050763,-0.053429484367370605
1680270184641208678,,0.0,0.0,0.0,,0.003535855794325471,-0.02413181774318219,-0.05534842610359192
1680270184660218535,,0.0,0.0,0.0,,0.0025459276512265205,-0.022573929280042655,-0.05735817551612854
1680270184670986617,,0.0,0.0,0.0,,0.00452045165002346,-0.02035906724631787,-0.059709735214710236
1680270184691777506,,0.0,0.0,0.0,,0.006743289064615965,-0.017533956095576293,-0.06363201141357422
1680270184709884695,,0.0,0.0,0.0,,0.002718718023970723,-0.017478076741099365,-0.0656094029545784
1680270184726452224,,0.0,0.0,0.0,,0.005183146335184574,-0.014252139255404481,-0.06866063922643661
1680270184741738547,,0.0,0.0,0.0,,0.00808282196521759,-0.010836459696292886,-0.07082527130842209
1680270184760017247,,0.0,0.0,0.0,,0.005148275289684534,-0.00853316020220519,-0.07245182245969772
1680270184776996516,,0.0,0.0,0.0,,0.0038339390885084867,-0.00648782867938281,-0.0742940604686737
1680270184796910024,,0.0,0.0,0.0,,0.005741318687796593,-0.002567619318142543,-0.07798468321561813
